entrada
10 10 10 1 (7KB 832B)
(:,:,0,0)
1 0.5 0.33 0.25 0.2 0.17 0.14 0.13 0.11 0.1 
0.091 0.083 0.077 0.071 0.067 0.063 0.059 0.056 0.053 0.05 
0.048 0.045 0.043 0.042 0.04 0.038 0.037 0.036 0.034 0.033 
0.032 0.031 0.03 0.029 0.029 0.028 0.027 0.026 0.026 0.025 
0.024 0.024 0.023 0.023 0.022 0.022 0.021 0.021 0.02 0.02 
0.02 0.019 0.019 0.019 0.018 0.018 0.018 0.017 0.017 0.017 
0.016 0.016 0.016 0.016 0.015 0.015 0.015 0.015 0.014 0.014 
0.014 0.014 0.014 0.014 0.013 0.013 0.013 0.013 0.013 0.013 
0.012 0.012 0.012 0.012 0.012 0.012 0.011 0.011 0.011 0.011 
0.011 0.011 0.011 0.011 0.011 0.01 0.01 0.01 0.01 0.01 

(:,:,1,0)
0.0099 0.0098 0.0097 0.0096 0.0095 0.0094 0.0093 0.0093 0.0092 0.0091 
0.009 0.0089 0.0088 0.0088 0.0087 0.0086 0.0085 0.0085 0.0084 0.0083 
0.0083 0.0082 0.0081 0.0081 0.008 0.0079 0.0079 0.0078 0.0078 0.0077 
0.0076 0.0076 0.0075 0.0075 0.0074 0.0074 0.0073 0.0072 0.0072 0.0071 
0.0071 0.007 0.007 0.0069 0.0069 0.0068 0.0068 0.0068 0.0067 0.0067 
0.0066 0.0066 0.0065 0.0065 0.0065 0.0064 0.0064 0.0063 0.0063 0.0063 
0.0062 0.0062 0.0061 0.0061 0.0061 0.006 0.006 0.006 0.0059 0.0059 
0.0058 0.0058 0.0058 0.0057 0.0057 0.0057 0.0056 0.0056 0.0056 0.0056 
0.0055 0.0055 0.0055 0.0054 0.0054 0.0054 0.0053 0.0053 0.0053 0.0053 
0.0052 0.0052 0.0052 0.0052 0.0051 0.0051 0.0051 0.0051 0.005 0.005 

(:,:,2,0)
0.005 0.005 0.0049 0.0049 0.0049 0.0049 0.0048 0.0048 0.0048 0.0048 
0.0047 0.0047 0.0047 0.0047 0.0047 0.0046 0.0046 0.0046 0.0046 0.0045 
0.0045 0.0045 0.0045 0.0045 0.0044 0.0044 0.0044 0.0044 0.0044 0.0043 
0.0043 0.0043 0.0043 0.0043 0.0043 0.0042 0.0042 0.0042 0.0042 0.0042 
0.0041 0.0041 0.0041 0.0041 0.0041 0.0041 0.004 0.004 0.004 0.004 
0.004 0.004 0.004 0.0039 0.0039 0.0039 0.0039 0.0039 0.0039 0.0038 
0.0038 0.0038 0.0038 0.0038 0.0038 0.0038 0.0037 0.0037 0.0037 0.0037 
0.0037 0.0037 0.0037 0.0036 0.0036 0.0036 0.0036 0.0036 0.0036 0.0036 
0.0036 0.0035 0.0035 0.0035 0.0035 0.0035 0.0035 0.0035 0.0035 0.0034 
0.0034 0.0034 0.0034 0.0034 0.0034 0.0034 0.0034 0.0034 0.0033 0.0033 

(:,:,3,0)
0.0033 0.0033 0.0033 0.0033 0.0033 0.0033 0.0033 0.0032 0.0032 0.0032 
0.0032 0.0032 0.0032 0.0032 0.0032 0.0032 0.0032 0.0031 0.0031 0.0031 
0.0031 0.0031 0.0031 0.0031 0.0031 0.0031 0.0031 0.003 0.003 0.003 
0.003 0.003 0.003 0.003 0.003 0.003 0.003 0.003 0.0029 0.0029 
0.0029 0.0029 0.0029 0.0029 0.0029 0.0029 0.0029 0.0029 0.0029 0.0029 
0.0028 0.0028 0.0028 0.0028 0.0028 0.0028 0.0028 0.0028 0.0028 0.0028 
0.0028 0.0028 0.0028 0.0027 0.0027 0.0027 0.0027 0.0027 0.0027 0.0027 
0.0027 0.0027 0.0027 0.0027 0.0027 0.0027 0.0027 0.0026 0.0026 0.0026 
0.0026 0.0026 0.0026 0.0026 0.0026 0.0026 0.0026 0.0026 0.0026 0.0026 
0.0026 0.0026 0.0025 0.0025 0.0025 0.0025 0.0025 0.0025 0.0025 0.0025 

(:,:,4,0)
0.0025 0.0025 0.0025 0.0025 0.0025 0.0025 0.0025 0.0025 0.0024 0.0024 
0.0024 0.0024 0.0024 0.0024 0.0024 0.0024 0.0024 0.0024 0.0024 0.0024 
0.0024 0.0024 0.0024 0.0024 0.0024 0.0023 0.0023 0.0023 0.0023 0.0023 
0.0023 0.0023 0.0023 0.0023 0.0023 0.0023 0.0023 0.0023 0.0023 0.0023 
0.0023 0.0023 0.0023 0.0023 0.0022 0.0022 0.0022 0.0022 0.0022 0.0022 
0.0022 0.0022 0.0022 0.0022 0.0022 0.0022 0.0022 0.0022 0.0022 0.0022 
0.0022 0.0022 0.0022 0.0022 0.0022 0.0021 0.0021 0.0021 0.0021 0.0021 
0.0021 0.0021 0.0021 0.0021 0.0021 0.0021 0.0021 0.0021 0.0021 0.0021 
0.0021 0.0021 0.0021 0.0021 0.0021 0.0021 0.0021 0.002 0.002 0.002 
0.002 0.002 0.002 0.002 0.002 0.002 0.002 0.002 0.002 0.002 

(:,:,5,0)
0.002 0.002 0.002 0.002 0.002 0.002 0.002 0.002 0.002 0.002 
0.002 0.002 0.0019 0.0019 0.0019 0.0019 0.0019 0.0019 0.0019 0.0019 
0.0019 0.0019 0.0019 0.0019 0.0019 0.0019 0.0019 0.0019 0.0019 0.0019 
0.0019 0.0019 0.0019 0.0019 0.0019 0.0019 0.0019 0.0019 0.0019 0.0019 
0.0018 0.0018 0.0018 0.0018 0.0018 0.0018 0.0018 0.0018 0.0018 0.0018 
0.0018 0.0018 0.0018 0.0018 0.0018 0.0018 0.0018 0.0018 0.0018 0.0018 
0.0018 0.0018 0.0018 0.0018 0.0018 0.0018 0.0018 0.0018 0.0018 0.0018 
0.0018 0.0017 0.0017 0.0017 0.0017 0.0017 0.0017 0.0017 0.0017 0.0017 
0.0017 0.0017 0.0017 0.0017 0.0017 0.0017 0.0017 0.0017 0.0017 0.0017 
0.0017 0.0017 0.0017 0.0017 0.0017 0.0017 0.0017 0.0017 0.0017 0.0017 

(:,:,6,0)
0.0017 0.0017 0.0017 0.0017 0.0017 0.0017 0.0016 0.0016 0.0016 0.0016 
0.0016 0.0016 0.0016 0.0016 0.0016 0.0016 0.0016 0.0016 0.0016 0.0016 
0.0016 0.0016 0.0016 0.0016 0.0016 0.0016 0.0016 0.0016 0.0016 0.0016 
0.0016 0.0016 0.0016 0.0016 0.0016 0.0016 0.0016 0.0016 0.0016 0.0016 
0.0016 0.0016 0.0016 0.0016 0.0016 0.0015 0.0015 0.0015 0.0015 0.0015 
0.0015 0.0015 0.0015 0.0015 0.0015 0.0015 0.0015 0.0015 0.0015 0.0015 
0.0015 0.0015 0.0015 0.0015 0.0015 0.0015 0.0015 0.0015 0.0015 0.0015 
0.0015 0.0015 0.0015 0.0015 0.0015 0.0015 0.0015 0.0015 0.0015 0.0015 
0.0015 0.0015 0.0015 0.0015 0.0015 0.0015 0.0015 0.0015 0.0015 0.0014 
0.0014 0.0014 0.0014 0.0014 0.0014 0.0014 0.0014 0.0014 0.0014 0.0014 

(:,:,7,0)
0.0014 0.0014 0.0014 0.0014 0.0014 0.0014 0.0014 0.0014 0.0014 0.0014 
0.0014 0.0014 0.0014 0.0014 0.0014 0.0014 0.0014 0.0014 0.0014 0.0014 
0.0014 0.0014 0.0014 0.0014 0.0014 0.0014 0.0014 0.0014 0.0014 0.0014 
0.0014 0.0014 0.0014 0.0014 0.0014 0.0014 0.0014 0.0014 0.0014 0.0014 
0.0013 0.0013 0.0013 0.0013 0.0013 0.0013 0.0013 0.0013 0.0013 0.0013 
0.0013 0.0013 0.0013 0.0013 0.0013 0.0013 0.0013 0.0013 0.0013 0.0013 
0.0013 0.0013 0.0013 0.0013 0.0013 0.0013 0.0013 0.0013 0.0013 0.0013 
0.0013 0.0013 0.0013 0.0013 0.0013 0.0013 0.0013 0.0013 0.0013 0.0013 
0.0013 0.0013 0.0013 0.0013 0.0013 0.0013 0.0013 0.0013 0.0013 0.0013 
0.0013 0.0013 0.0013 0.0013 0.0013 0.0013 0.0013 0.0013 0.0013 0.0013 

(:,:,8,0)
0.0012 0.0012 0.0012 0.0012 0.0012 0.0012 0.0012 0.0012 0.0012 0.0012 
0.0012 0.0012 0.0012 0.0012 0.0012 0.0012 0.0012 0.0012 0.0012 0.0012 
0.0012 0.0012 0.0012 0.0012 0.0012 0.0012 0.0012 0.0012 0.0012 0.0012 
0.0012 0.0012 0.0012 0.0012 0.0012 0.0012 0.0012 0.0012 0.0012 0.0012 
0.0012 0.0012 0.0012 0.0012 0.0012 0.0012 0.0012 0.0012 0.0012 0.0012 
0.0012 0.0012 0.0012 0.0012 0.0012 0.0012 0.0012 0.0012 0.0012 0.0012 
0.0012 0.0012 0.0012 0.0012 0.0012 0.0012 0.0012 0.0012 0.0012 0.0011 
0.0011 0.0011 0.0011 0.0011 0.0011 0.0011 0.0011 0.0011 0.0011 0.0011 
0.0011 0.0011 0.0011 0.0011 0.0011 0.0011 0.0011 0.0011 0.0011 0.0011 
0.0011 0.0011 0.0011 0.0011 0.0011 0.0011 0.0011 0.0011 0.0011 0.0011 

(:,:,9,0)
0.0011 0.0011 0.0011 0.0011 0.0011 0.0011 0.0011 0.0011 0.0011 0.0011 
0.0011 0.0011 0.0011 0.0011 0.0011 0.0011 0.0011 0.0011 0.0011 0.0011 
0.0011 0.0011 0.0011 0.0011 0.0011 0.0011 0.0011 0.0011 0.0011 0.0011 
0.0011 0.0011 0.0011 0.0011 0.0011 0.0011 0.0011 0.0011 0.0011 0.0011 
0.0011 0.0011 0.0011 0.0011 0.0011 0.0011 0.0011 0.0011 0.0011 0.0011 
0.0011 0.0011 0.001 0.001 0.001 0.001 0.001 0.001 0.001 0.001 
0.001 0.001 0.001 0.001 0.001 0.001 0.001 0.001 0.001 0.001 
0.001 0.001 0.001 0.001 0.001 0.001 0.001 0.001 0.001 0.001 
0.001 0.001 0.001 0.001 0.001 0.001 0.001 0.001 0.001 0.001 
0.001 0.001 0.001 0.001 0.001 0.001 0.001 0.001 0.001 0.001 



saida
1 1 10 1 (80B)
(:,:,0,0)
0 

(:,:,1,0)
1 

(:,:,2,0)
2 

(:,:,3,0)
3 

(:,:,4,0)
4 

(:,:,5,0)
5 

(:,:,6,0)
6 

(:,:,7,0)
7 

(:,:,8,0)
8 

(:,:,9,0)
9 



filtro
10 10 10 10 (78KB 128B)
(:,:,0,0)
0.00046 0.00086 0.00086 -0.0008 -0.00051 8.9e-006 0.00077 -0.00078 0.00081 -0.00091 
-0.00017 -0.00049 0.00066 0.00029 9.6e-005 0.0007 0.00023 -0.00083 0.00092 0.00049 
0.00083 0.00066 0.00061 7.2e-005 -0.00029 -7.7e-005 0.00011 0.00044 -0.00096 0.00037 
-0.00019 4.4e-005 0.0001 0.00072 -6.4e-005 -0.00089 0.00065 -0.00012 0.00013 -0.00011 
8.7e-005 9.4e-005 0.00068 0.00041 0.0003 -8.7e-005 -0.00028 -0.00074 -0.00029 0.00014 
0.00077 -0.0006 0.00045 -0.00071 0.00023 0.00093 -0.00064 0.00097 -0.00067 -0.00043 
-0.00098 0.00066 -0.00052 -0.00043 0.00099 -0.00017 0.00012 0.00056 -5.3e-005 0.00028 
-0.00046 0.00019 0.00064 0.00011 0.00053 -0.00079 -0.00091 0.00015 -0.00075 0.00012 
-7.9e-005 -0.00013 1.9e-005 -0.0007 0.00031 -0.0004 0.00071 -0.00058 0.00057 0.00029 
0.00061 -0.00031 -0.00082 -0.00035 -0.00031 0.00042 0.00072 0.00044 0.00085 -0.00067 

(:,:,1,0)
0.00074 -0.00029 0.0004 -0.00032 -0.00039 0.00084 0.00018 0.00022 -2.9e-005 -4.7e-005 
0.00017 -0.00042 0.00056 -2.7e-005 8.9e-005 0.00013 0.00042 -0.00018 -0.00071 -0.00054 
-4.8e-005 -4.7e-005 -0.00031 0.00084 0.0002 0.00011 0.00014 -0.00071 0.00066 -0.00024 
0.00027 1e-005 -0.0003 -0.00045 -0.00093 0.00085 -0.00085 0.00023 0.00095 -0.00041 
0.00077 0.00073 5.4e-005 -0.00058 0.00029 0.00078 -0.00025 0.0009 -0.0002 0.00077 
0.00069 0.00071 -0.00034 0.00028 -0.0002 6e-005 0.00088 -4.8e-005 -0.00059 -0.00057 
-5.7e-005 -0.00014 -0.0003 0.00035 0.00033 8e-005 0.00076 0.00032 0.00087 -0.00052 
-0.00077 0.00083 -0.00016 0.00092 0.00051 -0.00077 0.00014 0.00088 0.00033 0.00082 
0.00039 -0.00054 0.00063 -5.7e-006 -0.00017 1.4e-006 -0.00028 0.0003 -0.00082 -0.00068 
0.00076 -0.0004 0.00078 0.00032 6.3e-006 -0.00094 0.00087 7.3e-005 -0.00077 0.00057 

(:,:,2,0)
-0.00025 -0.00096 0.00045 0.00099 0.00098 -0.00096 0.00027 -0.00071 0.00065 0.0006 
-0.0004 -3.9e-006 -0.00039 -0.00061 -0.00037 -0.00094 -0.00053 0.0002 0.00093 -9.7e-005 
0.0003 0.00046 -0.00095 0.00032 0.00079 5.3e-006 0.00077 0.0008 2.6e-005 -0.00064 
0.00041 -0.00015 -0.00026 0.00044 0.0008 0.0005 0.00074 6.1e-005 0.00072 -0.00023 
-0.00045 -0.00087 -6.6e-005 0.00036 -4.3e-005 0.00026 0.00028 0.00063 0.00074 -4.3e-005 
0.00077 -0.00039 -0.00037 0.00072 -5.9e-005 -0.00036 5.1e-005 0.00069 0.00046 -0.00094 
0.00062 0.00099 0.00049 0.00034 -0.00063 0.00029 -0.00012 -4.9e-006 0.0005 -0.00036 
-0.0007 0.00074 -0.00017 -0.0007 -0.00027 0.00038 0.00067 -0.0002 0.00016 -0.00078 
0.00037 -0.00063 0.00067 0.00092 -0.00016 -0.00064 0.00058 5.6e-005 0.00067 0.0005 
0.00098 0.00015 0.00066 -0.00061 -0.00065 -0.001 -0.0009 0.00081 -8.6e-005 0.00024 

(:,:,3,0)
0.00059 0.0002 0.00033 0.00014 -0.00028 0.00076 -0.00092 0.00068 0.00036 -0.00087 
-0.00084 -0.0008 0.00069 0.00069 0.00017 -0.00086 0.00024 -0.00016 -0.00086 0.00044 
0.00049 0.00036 -5e-005 -0.00064 3.8e-005 -0.00022 -0.00054 0.00067 -0.00082 0.00025 
0.00015 -0.00059 -0.00065 -0.00014 -0.00074 -0.00088 -0.00089 -0.00049 -0.0007 -0.00077 
0.00046 0.00053 0.00039 0.00077 0.00096 0.00025 -0.00034 -0.00019 -0.00092 -0.00065 
9.5e-005 -0.00074 -0.00046 -0.00072 -0.00053 0.00033 0.00074 -0.00055 0.00087 -0.00091 
-0.00045 -0.00086 0.00026 0.00076 -0.00039 0.00064 -0.00096 0.00082 0.00014 0.00047 
0.00085 0.00036 0.00065 -0.0004 0.00037 -0.00012 -0.00047 0.00026 0.00059 0.0006 
0.00057 3e-005 -0.00085 3.9e-005 -0.00058 -0.00091 0.00074 -8.4e-005 -9.6e-005 -6.7e-005 
0.00023 0.00081 -0.0003 -0.00093 -0.00059 -0.00013 0.00037 0.00013 -0.00069 0.00096 

(:,:,4,0)
-0.00027 -4.1e-005 4.9e-005 0.00056 0.0008 0.0006 -7.4e-005 -3.7e-005 0.00012 -0.00074 
0.00035 0.00083 -0.00052 0.00082 -0.00089 -0.00098 -0.00033 -0.00063 0.00041 -8.8e-005 
0.00061 0.00029 -0.00096 -0.00034 -0.0009 0.00093 -0.00031 -0.00033 0.00073 -0.00015 
-0.00046 -0.00028 0.00045 -0.0009 -0.00022 0.00027 -0.00043 0.0005 -0.00045 0.0006 
0.0004 0.00099 0.00074 0.00074 -0.00027 -0.00077 0.00056 -0.00032 -0.00085 -0.00028 
-0.00082 -0.00079 -0.00073 -0.00029 -0.00054 -0.00021 0.00096 0.00062 0.00083 8.5e-006 
0.00051 0.00082 0.0008 -0.00028 -0.00071 -0.00086 -0.00081 0.00091 -0.00081 -0.00035 
-0.0008 0.00065 -0.00035 -0.001 -8.7e-005 0.00051 0.0005 0.00094 0.0009 -0.0004 
-3.7e-005 -0.00066 -0.0005 0.00015 0.0009 0.00073 0.00024 -0.00037 0.00077 6.3e-005 
-0.00093 -0.00058 -0.00067 -0.001 -0.00091 0.00095 -6.3e-005 -0.00054 0.00064 0.0006 

(:,:,5,0)
-0.00038 0.0004 -0.00019 -0.0009 -0.00021 -0.0008 -0.0005 4.4e-005 -0.00044 0.00014 
-0.00096 -0.00091 -0.00099 -0.00031 -0.00032 0.00028 -0.0005 -0.00031 -8.5e-005 0.00042 
0.00077 0.00039 -0.00014 0.00026 -0.00075 -0.00012 0.00094 -6.8e-005 -0.00063 9.9e-005 
0.00035 -0.0007 -0.0008 -0.00091 0.00084 0.0008 0.00069 -0.00036 -0.00087 0.00042 
-0.00088 -0.00067 -0.00066 -0.0007 -0.00011 -0.00061 -0.00063 -5.1e-007 -0.00036 0.00015 
8.2e-006 -3.8e-005 -0.00087 0.00062 0.00055 6.8e-005 0.00038 0.00036 -0.00072 -0.00011 
-9.8e-005 0.00056 -0.00035 0.00066 -0.00041 -0.00021 0.00048 2.5e-005 0.00061 0.0002 
-0.00075 -0.0001 9.6e-005 0.00022 -3.4e-005 -0.0008 0.00088 -0.00036 0.00022 0.00024 
-0.00057 0.00074 -0.00071 -0.00031 0.00045 0.00095 0.00082 -0.0005 1.7e-005 -0.00049 
-0.00061 -0.00089 0.00091 0.00044 0.00075 0.0001 0.00021 0.00033 -0.00028 0.0004 

(:,:,6,0)
0.00089 -0.00074 0.00042 0.00054 -0.00091 -0.00048 0.00089 0.00045 0.00045 -0.00014 
-0.00041 -0.00097 -0.00087 -0.00013 0.00058 -0.00055 -0.00012 -0.00098 -0.00096 -0.00045 
5.4e-005 0.00027 -0.00015 -0.00057 2e-005 0.00026 0.00025 -0.00093 -0.00087 -0.00029 
-0.00027 0.00044 0.00024 0.00013 0.0001 0.00032 -0.0008 -0.00039 0.00088 2.7e-005 
-0.00068 -0.00055 0.00043 -0.00065 0.0008 -0.00052 0.00017 -0.00093 0.00067 0.00019 
0.00041 0.00054 0.00073 0.00064 -0.00091 -0.00099 0.00093 0.00066 0.00055 0.00076 
-0.00046 0.00011 1.3e-005 -0.00076 -0.00048 8.1e-005 -0.00065 0.00014 0.00068 0.00083 
0.00073 -0.00063 -0.00079 0.00018 0.00039 -0.00017 0.00062 -0.00081 0.00017 0.00014 
0.00023 5e-005 8.3e-005 -0.00054 -0.00022 -0.00072 0.0008 0.00083 -0.00086 0.00071 
0.00068 -0.0003 0.0006 -0.00035 -0.0004 -0.00026 -0.00022 0.00068 -0.00014 -0.00064 

(:,:,7,0)
-0.00069 -0.00049 1.5e-005 -0.00037 0.00017 -0.0009 0.00092 0.00095 0.0005 0.00059 
0.00071 0.00064 0.00042 -0.00078 -0.00013 0.00071 0.00098 0.00099 0.00026 -0.0009 
-0.00045 0.0008 -0.00015 -0.00093 0.00091 -0.00035 0.00033 -0.00088 -0.00028 0.00095 
0.00025 0.00055 -0.00072 -1.6e-005 0.00085 -0.00065 -0.00091 -0.0002 -0.00097 0.00088 
0.00029 -0.00053 0.00067 -0.00054 -0.00038 0.00067 -0.00016 -0.00017 0.00064 -0.00046 
7.2e-005 -0.00045 -3e-005 -0.00041 -7.9e-005 0.00086 0.00029 -0.00094 -0.00097 -0.00062 
0.00037 -0.00051 0.00083 0.00087 -0.00015 0.00061 -0.00048 -0.00089 0.00098 0.00063 
0.00048 -2.4e-005 0.00029 -0.00024 0.00058 -0.00032 -0.0005 -0.00021 -0.00037 -0.00043 
-0.00086 -0.00033 -0.00044 -0.00068 0.0006 0.00058 0.0002 -0.00037 -0.00017 4.4e-005 
-0.00086 -0.00058 -3.8e-005 0.0004 -0.00031 0.00051 -0.0007 -2.9e-005 0.00063 -0.00075 

(:,:,8,0)
5e-005 0.00097 -0.00043 0.00056 0.00025 0.00049 0.00019 0.00084 -0.00081 -0.00044 
-0.00063 0.00028 0.00099 0.0009 -0.00034 -0.00089 -6.3e-005 0.00013 0.00061 -0.00013 
-0.0005 -0.00097 -0.00053 0.00067 0.00078 0.0001 0.00023 0.00038 -0.0007 -0.00062 
0.00086 -0.00054 -0.00061 0.00013 -0.00015 -0.00087 -0.00095 0.00053 -0.00074 0.00025 
0.00014 0.00023 -0.00029 0.00032 0.00098 -0.00094 6.5e-005 -3.8e-005 -0.00018 -0.0006 
-0.00022 -0.00076 0.00098 -2e-005 0.00038 -0.00067 -9.1e-005 -0.00073 -0.00091 0.0002 
-0.00014 -0.00075 0.00081 0.00022 0.00045 0.00051 0.00081 0.00074 7.8e-005 0.00059 
0.00032 0.00047 0.00069 -0.00026 -0.00096 -0.00083 0.00033 -0.00066 -0.00093 0.00056 
0.00048 0.0006 -0.00018 -0.00099 -0.00063 0.00044 -0.00063 0.00088 0.00092 -0.00035 
-0.00054 0.0005 0.00059 0.00039 0.00073 0.001 0.00084 -0.00015 -0.0005 -0.00046 

(:,:,9,0)
0.00012 0.00051 -0.00064 -0.0009 -0.0002 -0.00057 0.00086 0.00043 -0.0006 -0.00027 
-0.00036 -0.00012 0.0008 0.00098 -0.00018 4.3e-005 0.0009 -0.00058 -0.00083 -0.00037 
-0.00043 -0.00083 -0.00049 -0.00067 3.1e-005 -0.00072 -0.00091 -0.00024 0.00026 0.00073 
-0.00062 0.0008 0.00036 -0.00096 -0.00033 0.00055 -0.00052 -0.00017 0.00068 0.00041 
-0.00077 -0.00044 0.00041 -0.00056 -0.00056 0.00089 -0.00057 -0.00099 0.00033 0.00067 
-0.00018 0.00095 0.0005 -0.00045 0.0004 8.3e-005 -0.00083 0.00027 0.00054 -0.00028 
-0.00097 0.00023 7e-006 -0.0002 -0.0005 -0.0002 0.00027 -0.00084 -0.0009 -0.00017 
0.00095 -0.00027 -0.00056 -0.00048 -0.0007 5.9e-006 0.00093 -0.00084 -0.00046 -0.00084 
0.0007 -0.00024 3.1e-005 0.00021 -0.00035 0.00058 -0.00066 0.00044 0.00032 0.00057 
0.00036 -0.00027 0.00028 0.00048 -0.00066 -0.00078 -0.0005 0.00088 -0.00081 0.00035 


(:,:,0,1)
9.5e-005 5.4e-005 0.00051 0.00027 5.5e-005 -0.00021 0.0009 -0.00023 -0.00065 -0.00031 
0.00036 0.00038 -0.00061 0.00012 0.00095 0.0007 0.00082 0.00099 0.00067 -0.00055 
0.00094 0.00086 -2.8e-005 0.0002 -0.00013 -1.6e-005 -0.00067 0.00098 -0.00026 0.00086 
-0.0003 2e-005 -0.00078 -7.7e-005 0.00054 -0.00091 -0.00044 -0.00057 -8e-005 0.00079 
-0.00083 0.00084 -0.00092 0.00046 0.00076 0.00067 -0.00083 0.00046 -0.00083 5.7e-005 
0.00057 -0.00087 0.00027 -0.00096 -0.00038 -0.00029 -3.4e-005 -0.00092 -0.00022 -0.0008 
0.00046 -0.00095 -0.00062 0.00072 0.00029 0.00079 -0.00052 0.00088 -0.0002 5.5e-005 
8.5e-005 0.00018 0.00054 -0.00057 0.00074 0.00018 -0.00087 0.00014 -7.8e-005 -0.00029 
0.00013 0.00024 0.00035 0.00058 -0.0004 0.00098 0.00085 -0.00041 0.00019 0.00033 
-0.00077 -3.1e-005 0.00093 0.00061 -0.00066 0.0002 -0.00087 0.00064 0.00039 0.00018 

(:,:,1,1)
0.00035 -0.00081 0.00053 -0.00035 0.00031 0.00074 -0.00069 -7.2e-005 -0.00076 -0.00023 
-1.4e-005 -0.00014 0.0009 0.00034 0.00069 0.00068 -0.00053 -0.00056 -0.001 0.00084 
0.00098 0.00065 0.0009 0.00028 0.00047 0.00042 -0.00039 -0.00044 -0.00065 -0.00088 
-0.00032 0.00085 0.00033 0.0005 0.00093 0.00075 -0.00081 9.7e-005 -4.2e-005 0.00079 
-6e-005 0.00044 0.00098 1.4e-005 0.00056 -0.00082 -0.00048 -0.00058 0.00043 -0.00079 
0.00087 0.00027 -0.00016 0.00011 -3e-005 -0.00063 0.00039 0.00034 0.00024 0.00016 
-0.00087 -0.00023 7.5e-005 -0.0007 0.00027 -0.00026 -0.00052 -0.0004 -0.00098 -0.00021 
-0.00088 0.00073 -0.0004 -0.00075 0.00023 0.00017 0.00088 -0.00056 0.00036 0.00053 
-0.00066 -0.00083 0.0009 0.00048 0.00087 -0.00091 -0.00083 -0.00025 -6.9e-005 -0.00083 
-0.00026 -0.00086 0.00094 8.7e-005 0.00096 -0.00037 0.00052 -0.00036 -0.00093 0.00061 

(:,:,2,1)
-0.00045 -0.00072 -0.0002 -0.00017 0.00038 0.00062 -0.00077 -0.00039 -0.00027 -0.00087 
0.00038 -0.00089 0.00064 0.00054 -3.9e-006 0.00088 0.00015 0.00078 -0.00087 -0.00075 
-0.0004 0.00038 0.00031 -0.00048 -0.0004 -0.00073 0.00058 9.3e-005 0.00049 -0.00034 
-0.00013 0.00064 -0.00034 0.00081 0.00068 -0.00011 0.00055 -0.00067 5.2e-005 9.5e-005 
0.00064 0.00023 -0.00066 -0.00075 -0.00038 0.00068 0.00061 0.00058 -0.00072 -0.00095 
-0.00091 -0.0003 0.00074 1.2e-005 0.00044 -0.00015 -0.00067 -0.0001 0.00053 -0.00062 
-0.00085 -5.9e-005 0.0006 0.00063 0.00076 -0.00035 1.5e-005 0.00074 0.00075 0.00099 
3.4e-005 0.00043 -0.00019 -5.2e-005 -0.00072 -0.00036 -0.00064 -0.0006 -0.00074 -0.00022 
0.00048 0.00042 -0.00055 -0.00041 0.00083 -0.00038 -0.00066 0.00026 0.00078 0.00027 
0.00011 -0.00026 0.00027 0.00067 0.00045 -0.00042 -0.0007 0.00064 0.0009 -0.00066 

(:,:,3,1)
-0.00012 0.00047 -8.8e-005 -0.00094 0.00088 0.00019 -1.2e-005 0.00047 0.00093 -0.00039 
-0.00095 -0.00057 -0.00048 0.00063 -4.2e-006 3.8e-005 -0.00094 -0.00071 0.0001 0.00026 
-0.00029 0.00085 -0.00014 -0.00055 -0.00028 -0.00085 0.00013 -0.0005 0.00089 0.00057 
-0.00033 0.00096 0.00085 0.00023 -0.00074 0.00076 0.00096 -0.00094 0.00018 4.8e-005 
0.00038 0.00021 0.00063 0.00057 -0.00012 -0.00079 0.00066 0.00054 -6.1e-005 0.00049 
-0.00035 -0.00071 0.00058 -0.00045 -0.00097 -0.00037 -0.00097 0.00075 0.00022 -0.0008 
-0.00043 0.00029 -0.00038 0.00074 0.00044 0.00098 -0.00029 0.00019 0.00046 -0.00041 
0.00087 0.00063 0.00019 -0.00033 -0.00099 -0.00033 -0.0002 0.00091 -0.00037 -0.00012 
-0.00022 -0.00072 0.00085 -0.00011 -0.00066 0.00095 -0.00079 0.00012 -0.00089 0.00051 
-0.0005 0.00055 -0.00079 -0.0002 0.00079 -4.9e-005 0.00072 -0.00053 -4.8e-005 0.00075 

(:,:,4,1)
-0.00027 0.00019 -6.3e-005 -0.00033 -0.00087 0.00012 -0.00026 1.6e-005 -0.00055 -0.00068 
-0.0003 -0.0006 -9.6e-005 0.00024 0.00088 0.00075 0.00056 -0.00029 -6.1e-005 -0.00069 
-0.00042 -0.0006 0.00054 -0.00031 -0.00053 0.00089 -0.0004 0.00098 -0.00031 0.00081 
-0.0007 0.00024 -0.001 -0.00027 0.00091 0.00058 0.00022 0.00031 0.0008 0.00086 
-0.00066 0.00042 -0.00047 -0.00028 -0.00046 0.00081 1.9e-005 -0.00038 0.00085 -0.00068 
0.0007 0.00056 1.6e-005 -0.00031 -0.00026 -6.4e-005 0.00035 -0.00067 -0.00065 -0.00055 
0.00042 0.00088 0.00056 0.00074 0.00078 0.00069 0.00096 -0.00027 9.1e-006 -0.00016 
0.00032 -0.00079 0.00082 -3.2e-005 0.00022 0.00092 0.00038 0.00054 -0.00058 0.00041 
-0.0006 -0.00078 -0.00088 -2.3e-006 -0.00091 -0.00061 0.00075 0.00073 0.0007 -0.00018 
0.00068 0.00099 -3.7e-005 0.00033 -0.0002 0.00074 -0.00045 0.0002 0.00081 -0.00055 

(:,:,5,1)
-0.00079 -0.00074 -0.0009 0.00025 -0.0009 0.00094 -0.00057 -0.00018 0.00026 -0.00072 
-0.00026 -0.00066 0.00092 0.00048 0.00039 -0.00056 0.00051 4.6e-005 2e-005 0.00041 
0.00084 -5.3e-005 0.00025 -0.00064 0.00083 0.0009 -0.00065 0.00089 -0.00091 0.00018 
0.00027 0.00096 -0.00051 0.00099 0.00061 -0.00053 0.00028 0.00016 -0.00087 -0.00058 
0.00075 0.00032 -0.00017 -0.00066 -0.00043 -0.00083 0.00054 -5.4e-005 0.0007 -0.00061 
0.00016 0.00063 -0.00012 0.00061 0.00069 0.00072 0.0009 -0.00016 0.0006 -0.00067 
0.0006 -3e-005 0.00043 0.00019 0.00051 0.0005 0.00045 0.00046 -0.00093 -0.00018 
-0.00058 0.00074 0.00043 0.00014 0.00097 -0.00022 0.00019 -0.00075 -0.00021 -0.00088 
-0.00094 0.00058 0.0002 0.00085 0.00059 -0.00031 -0.00026 0.00098 0.00034 0.00034 
-0.00052 0.00072 -0.00037 -0.0005 -0.00032 0.00064 0.00066 -0.00062 0.00057 5e-005 

(:,:,6,1)
-0.00043 -0.00094 0.00012 0.00071 0.00068 0.00016 0.00047 -0.00027 0.00049 6.5e-005 
0.0005 -0.00079 -0.00078 -0.00019 0.00067 0.00045 0.0009 -0.00025 0.00092 2.5e-005 
-0.0002 0.00096 -0.00077 0.00059 -0.00018 -0.00034 0.00048 -0.00099 -0.00056 0.0003 
-0.00098 0.00035 -0.00018 -0.00089 -0.00016 -8.9e-005 -0.00094 0.0006 0.00062 -0.00011 
0.00056 0.00094 0.00069 -0.00016 0.00085 -0.00021 -1e-005 -7.6e-005 -0.00024 0.00095 
-0.00057 -0.00069 0.00084 0.00076 -0.00092 -0.00066 -0.00015 -0.00097 0.00097 -0.00062 
0.00033 -0.00067 0.00053 -0.00034 -0.00089 0.00019 -0.0008 0.00098 0.00011 -0.00026 
6.5e-005 0.00051 0.00066 0.00063 0.00095 -0.00024 0.00017 -6.4e-005 0.00094 0.00099 
-0.00089 -3.2e-005 -0.00098 0.00073 -0.00014 -0.00066 -0.00099 4.9e-005 -0.00081 -0.00032 
9.2e-005 0.00087 0.00016 2.9e-005 -0.00039 -0.00028 -0.00086 6.7e-005 8.4e-005 -0.00097 

(:,:,7,1)
0.00043 -0.00042 -1.9e-005 -0.00083 -0.00036 0.00049 0.00014 -0.00023 0.00011 -0.00092 
-0.00022 9.8e-005 -0.00017 -0.0005 -0.0009 0.00092 0.00093 -0.00068 7.6e-005 -0.00012 
0.00026 -0.0001 0.00073 -0.00027 0.00045 -0.00051 0.00075 0.00068 -0.00073 0.00047 
0.00092 0.00066 0.00047 -0.00098 0.00088 0.0005 -0.00079 -0.0005 0.00018 0.00045 
0.00023 -0.00056 -0.00033 0.00066 0.00046 -0.00047 -2.7e-005 -0.00017 0.00071 -0.00068 
-0.0003 -0.0008 -0.00028 0.00035 -0.00064 -0.00051 0.00087 -0.0004 0.00043 -0.00033 
1.7e-005 -0.00045 1.1e-005 -0.00031 -0.0007 0.00097 0.0005 -0.00086 1.9e-005 0.00079 
0.00054 -0.0003 -0.00081 -0.00046 -0.00011 -0.00029 0.00072 5.8e-005 -0.00058 -0.00035 
0.00093 -0.00047 -0.00047 0.00049 0.00027 -0.0009 0.00025 -8.2e-005 -0.00052 0.0002 
0.00029 -0.00072 0.00012 -0.00068 -0.00038 -0.00037 -0.00038 0.00081 -4.9e-005 -7.5e-005 

(:,:,8,1)
-0.00057 -0.00076 -0.00017 0.00068 0.00086 -0.00073 0.00057 -0.00064 0.0004 -0.00058 
0.00074 -0.001 0.00064 0.0008 -0.00059 0.00033 0.0007 0.00044 -0.00085 0.00044 
-0.00022 -0.00061 0.00025 8e-005 0.00016 -0.00056 0.00066 -0.0009 -0.00066 -0.00023 
-9.1e-005 0.00041 -0.00037 -0.00058 0.00025 -0.00087 -0.00077 4.5e-005 0.00074 0.00013 
0.00041 0.0002 -0.00018 -0.00061 -0.00053 -0.00083 -0.00016 -0.00059 -0.00015 -0.00098 
-0.0002 -0.00059 -0.0004 0.00071 -0.00042 -0.00039 0.00081 0.00068 -0.00099 -0.00017 
-0.00085 -0.00017 0.00099 -0.00072 -0.00089 -0.00072 -0.0005 -0.00078 0.0007 -0.00099 
-0.00012 -0.00064 -0.00052 0.00031 -0.0003 -0.00052 -0.00087 0.00032 0.00039 -0.00093 
-0.00069 0.00033 -0.00048 0.00081 -0.00033 0.00086 0.00082 0.00073 -0.00026 -0.00015 
-0.00018 -0.00055 -0.0004 0.00016 -0.00067 -0.00014 0.00025 -0.00037 0.00085 3.5e-005 

(:,:,9,1)
-0.00058 -6.2e-005 -0.00096 8.8e-005 -3.7e-005 0.00063 0.00095 -0.00071 0.00067 -0.00058 
-0.00016 0.00039 -0.00077 4.9e-005 0.00062 -0.00034 -0.00081 -0.0003 -3.7e-006 -0.00023 
0.00049 0.00045 0.00085 -0.00047 -0.00056 -0.00017 -0.0004 -0.00071 -0.00066 -0.00027 
-0.00026 -0.0003 0.00054 -0.0005 -0.00012 0.0005 -4.6e-005 -1.2e-005 6.6e-005 0.00085 
0.00018 -0.00049 9.2e-005 -0.0005 0.00021 -0.00058 -0.00077 -0.0007 0.00072 0.00065 
-0.00039 -0.00075 -0.00086 0.00094 -7.9e-005 0.00089 -0.00074 -0.00016 -0.00081 0.00017 
-0.00072 0.00057 -0.00026 -0.00064 0.00024 0.0007 0.00014 -0.00066 0.00034 -0.00075 
0.00067 -0.00031 -0.00038 0.00052 0.00046 -0.00063 -0.00038 -7.3e-005 -0.00028 -0.0003 
-3e-005 -0.00032 -0.00052 0.0001 0.00089 0.0006 0.00064 -0.00047 0.00058 0.00057 
-0.00077 -0.00065 -0.00019 0.00033 -0.00092 -0.00092 0.00097 -0.00096 0.00099 0.00088 


(:,:,0,2)
-0.00093 -0.00086 0.00036 -0.00018 -0.00014 -0.00067 -0.00047 -0.00056 -0.00099 -0.00075 
0.00086 0.00027 -0.00083 -0.00013 -0.00045 0.00012 0.00071 -0.0005 -0.00053 6.9e-005 
0.00092 0.00084 -0.00067 0.00097 0.00096 -0.00067 -0.00021 -0.0004 0.00081 -0.00019 
0.00091 -0.00071 0.00015 0.00074 0.00089 0.00091 -0.00091 -0.00057 0.00039 -0.00069 
-0.00031 0.00062 -0.00062 -0.00036 0.0002 0.00079 -0.00013 -0.00095 0.00015 -0.00045 
-0.00025 0.00078 0.00057 -0.00039 0.00048 -0.00094 0.00077 0.00021 0.00026 0.00063 
0.00064 0.00093 -0.0009 0.00034 -0.00051 0.00016 0.00016 -0.00022 -0.00071 -0.00095 
-0.00039 -0.00032 -0.00088 -0.00098 0.00041 0.00043 -0.00021 -0.00053 0.00032 0.00092 
-0.00025 7e-005 0.00081 -0.00017 0.00037 0.0003 -0.00044 -0.00082 0.00014 -0.00099 
0.00065 0.00025 -0.0004 -0.00083 -0.00017 -0.00029 -0.00095 -0.00092 0.00066 0.00019 

(:,:,1,2)
9.4e-005 -0.0007 0.00059 0.00011 0.00079 0.00015 0.00028 -0.00059 -4.1e-005 -0.00088 
-0.00085 0.00087 -0.00011 -0.00016 0.00015 -0.00092 -0.00084 0.00021 0.00097 -0.00069 
0.00099 -0.00055 -0.00074 0.00036 -0.00055 0.00085 -0.00021 0.00025 0.00086 -0.001 
-0.00017 -0.00013 -0.00095 -0.00099 -0.0003 0.00097 -1.2e-005 -0.00043 0.00083 0.00088 
-0.00073 0.00014 -0.00095 -0.00068 -0.00027 0.00033 0.00079 0.00042 0.00072 -0.00018 
-0.00015 -0.00055 0.00097 0.0003 -0.00093 -0.00068 0.00026 -0.00088 -0.00024 -7.7e-005 
-0.00036 0.00087 -0.00099 0.00033 0.0001 0.00096 0.00034 -0.00018 0.00087 -0.00032 
0.00077 9.6e-005 0.00096 0.00023 -0.0004 0.0006 -0.00017 0.0008 0.00023 -0.00098 
-0.00014 0.00095 -0.00058 0.00012 0.00023 0.0009 0.00077 -0.00022 -0.0005 0.00036 
-0.00092 -6.5e-005 -0.00061 -0.00078 -0.00066 -0.00044 0.00066 8.9e-005 0.00031 0.00095 

(:,:,2,2)
-0.0004 -0.0004 0.00042 0.00022 0.00049 0.00035 -0.00063 9.6e-005 0.00064 0.00037 
0.00044 6e-005 -0.00091 0.00037 -0.0006 0.00033 -0.00027 0.00037 -0.00053 0.00012 
-0.00089 0.00077 -0.00089 -0.00072 0.0005 -0.00023 -0.00058 -0.00084 -0.00099 0.00032 
-0.00059 0.0005 -0.00052 -0.0008 -0.00037 -0.00084 -0.00083 -0.00032 -0.00077 -0.00039 
0.00014 -0.00035 -0.00023 0.00043 0.00053 -0.00078 -0.00047 0.00045 -0.00066 -0.0008 
0.00078 -0.0007 -0.00063 -0.00063 -0.00096 -0.00014 0.00052 -0.00042 -0.00025 0.00027 
0.00016 -0.00024 -0.00094 9.9e-005 0.00061 -6.5e-006 -0.00048 0.0005 0.00049 -0.0002 
-0.00093 0.00018 0.00023 0.00035 -8.8e-005 -0.0005 0.00088 8.6e-005 -0.00052 9.2e-005 
0.0009 0.00024 0.00022 0.00095 0.00063 0.00028 0.0004 0.00019 -8.2e-005 0.0008 
-0.00093 0.00041 -0.00063 -0.0002 -0.00031 0.00079 -0.0003 0.00094 0.00014 -0.0009 

(:,:,3,2)
-0.00084 -0.00014 0.00045 0.00014 0.00081 0.00049 0.00095 -0.00085 -0.00081 0.00021 
0.00042 -0.00098 0.00063 -0.00049 0.00075 -0.00059 -8.8e-005 -4e-005 -0.00029 -0.0005 
0.00075 -0.00027 -0.00096 0.00084 0.00083 0.00023 -0.00017 -0.00017 0.00086 -0.0004 
-0.00099 0.00032 -8.2e-005 -0.00069 -0.00026 0.00036 0.00031 -0.00023 -0.00018 0.00026 
-0.00024 -0.00033 0.00066 -0.00047 -0.00054 0.00012 0.00057 -0.00014 0.00051 0.00035 
-4e-005 0.00034 -0.00019 0.00036 -0.00098 -0.00062 -1.7e-005 0.0004 -0.00023 -0.00054 
-6.1e-005 0.00046 -0.00088 -0.00034 0.00019 -0.00011 0.00046 -0.00068 0.00038 -0.00058 
-0.00036 -0.00048 -0.0004 -0.00077 -0.00029 0.00019 -0.00067 -0.00051 0.00089 0.00046 
-0.00071 0.00014 0.0002 -0.00016 -0.00058 -0.00058 0.00092 0.00016 -0.00045 0.00028 
-0.00021 0.00056 0.00038 0.00091 -0.0009 -0.00077 -8.1e-005 -0.00033 0.00017 0.00019 

(:,:,4,2)
-0.00073 -0.00095 0.00066 -0.00082 -0.00016 0.0009 -0.00037 -0.00078 -0.00041 -0.0006 
0.00045 0.00079 0.00087 -0.00089 -0.00032 0.0009 -0.00048 -0.00078 0.00093 0.00067 
-0.00084 -0.00079 -0.00072 0.00056 8.2e-005 -0.00062 0.00075 0.00082 -0.00026 0.00048 
-0.00035 -0.00095 -0.00091 0.00043 0.00021 0.00062 -0.0005 -0.00068 0.00092 -0.00066 
-0.00088 -0.00037 0.0009 -7.4e-005 -0.00059 0.00042 0.00059 -0.00051 -0.00051 -0.00034 
-0.00091 -0.00053 -0.00064 -0.00099 0.00071 -0.00057 0.00085 0.00087 0.0003 0.00023 
-0.00053 -0.00031 0.00033 0.00035 -0.00015 -0.00057 0.0009 -0.00049 0.00038 -0.00095 
0.00031 -0.00031 -0.00059 7.1e-005 -0.0009 0.00046 -0.00036 0.00041 0.00022 -0.00029 
0.00098 0.00087 0.00025 -0.00042 -0.00042 -0.00092 -0.00056 -0.00043 -0.0004 -0.00018 
-0.00013 9.5e-005 0.00077 -0.00066 0.00098 -0.00026 0.00083 -0.00046 0.00015 0.00079 

(:,:,5,2)
0.00058 0.00023 0.00024 0.00061 7e-005 0.00025 0.00089 -0.00012 -0.0006 2.6e-005 
-0.00025 0.00089 -0.00023 -0.00077 0.00086 -1.3e-005 -0.00058 4.4e-005 -0.00049 -0.00042 
-1.8e-006 -0.00039 -0.00022 -8e-005 0.00027 0.00027 -0.00042 -5.8e-005 -0.00059 -0.00021 
-0.00073 0.00071 0.00038 -0.00026 0.00021 0.00019 -0.00092 -0.00056 -0.00024 -0.00064 
0.0006 0.00046 0.00081 0.00047 -0.00084 -0.00076 -0.00011 -0.00093 0.00091 -0.00094 
0.00054 6.3e-005 0.00042 0.00046 -0.00057 0.00028 -0.00097 0.00052 -0.00073 0.00035 
-0.0004 -0.0009 0.0007 0.0006 -0.00016 0.00089 0.00021 -0.00038 -0.00014 -0.00046 
-0.0002 -0.00039 -0.00066 0.00042 -0.00013 0.0002 0.00026 -0.00034 -0.00015 -0.00043 
-0.00079 -0.00092 -0.00038 0.00096 0.00056 -0.00071 0.0005 -0.00082 0.00056 0.00073 
-0.00052 0.00085 0.00016 0.00091 0.00092 0.00024 -5.6e-005 -0.00094 -0.00046 -0.00079 

(:,:,6,2)
8.9e-005 -0.00081 8.5e-005 -0.00052 0.00025 0.00065 -0.00021 0.00044 -0.00021 0.00084 
-4.1e-005 0.00043 0.00032 -0.00062 0.00034 -0.00014 -0.00055 -0.00054 -0.00038 0.00056 
-0.00063 0.00053 0.00037 -5.5e-005 -0.00047 0.00071 0.00063 0.00098 0.00047 -0.00038 
-0.00064 -0.00019 0.00043 0.00092 -0.00071 -0.00087 0.00086 0.00042 0.00011 -0.00077 
0.00018 -0.00074 -0.00012 3.2e-005 -0.00055 -0.00086 -0.00027 0.00057 -0.00085 -0.00044 
-2.8e-005 0.00054 0.00066 -9e-005 -0.00078 0.00097 -0.00058 0.00056 -0.00075 0.00059 
-0.00019 -7.5e-005 -0.00011 -0.00037 0.00083 0.00052 -0.00059 -0.00042 -0.00096 0.00096 
-0.00021 -5.8e-005 0.00035 0.00013 -0.00062 0.00061 -0.00018 0.00082 -0.00057 0.00027 
-0.00024 0.00044 0.00053 -2.7e-006 0.00022 0.00057 0.00076 1.8e-005 -0.00078 0.0009 
-0.00088 -0.00039 -0.00015 -0.00019 -4.8e-005 -0.0001 0.00092 -0.00077 -0.00044 0.0005 

(:,:,7,2)
-7e-006 0.00027 0.00046 0.0004 -0.00066 -0.00031 -0.00075 -0.00043 0.00011 -0.00094 
0.0001 -0.00016 -0.00059 0.00032 0.00039 0.00073 -0.00093 -0.00014 0.00085 5.1e-005 
0.00042 -0.00049 0.00019 -0.00038 0.00066 0.00076 -0.00068 0.00065 0.00035 -0.00049 
0.00041 0.00032 -0.00064 7.9e-005 -0.0006 0.00035 0.0009 0.00016 0.00015 -0.00048 
0.00049 0.00065 8.7e-005 -0.00012 0.00076 -5.4e-005 1.3e-005 0.00029 -0.00014 0.0009 
1.6e-006 -0.0009 0.00085 -0.00092 5.9e-005 0.00056 -2.9e-005 0.00033 0.00081 0.00022 
0.00092 0.00036 -4.3e-005 -2.3e-005 0.00045 -0.00063 0.00046 0.00088 -0.00061 5e-005 
0.00053 -0.00052 0.00097 -3.1e-005 -0.00064 -1.3e-005 0.00094 -0.00046 0.00014 0.00058 
-0.00084 5.4e-005 -0.00048 -0.00073 0.00063 0.0009 -1.6e-005 -0.0004 0.00084 -0.0008 
0.00063 0.0001 7.7e-005 0.00019 0.00085 0.0007 7.8e-005 -0.00042 0.00021 -0.00013 

(:,:,8,2)
0.00087 -0.0009 -0.00051 -0.00013 -0.00067 -0.00087 -0.00097 0.00088 -0.00036 0.00015 
0.00022 0.00072 0.00046 0.00031 -0.00023 -0.00093 -0.00091 -0.00039 -0.00097 -0.00032 
0.00097 0.00038 0.0006 0.0006 0.00031 0.00053 0.00023 0.00086 -0.00014 -0.00017 
-0.00064 -0.00056 0.00082 -8.1e-005 -3.2e-005 0.00035 -0.00061 0.00036 0.00075 -0.00023 
0.00041 0.0002 0.00069 0.00083 -0.00066 -0.00015 0.00095 0.00037 0.00078 -0.00077 
-2.2e-005 -0.00053 -0.00025 0.00022 0.0006 0.00027 -7.1e-005 -5.8e-005 -0.00067 -0.00019 
0.00025 0.00023 0.0008 -0.00039 0.0005 -0.00099 0.00082 0.00075 0.00048 2.2e-005 
-0.00039 4.6e-005 0.00014 0.0005 0.00024 1.4e-005 0.00088 0.00045 0.00057 -0.00056 
0.00014 0.00095 -0.00038 0.00041 -0.00051 -0.00091 -0.00039 0.00021 -0.00067 0.00077 
0.00071 -0.00076 0.00071 -0.00097 -0.00092 -0.00085 0.0005 -0.00048 -0.00057 7.9e-005 

(:,:,9,2)
0.00075 -0.00026 -0.00013 0.00029 0.00085 0.00045 0.00032 0.00058 0.00026 -2.1e-005 
4.6e-005 -0.00084 -6.2e-005 0.0003 -7.9e-005 0.00037 0.00077 0.00087 -0.00077 -0.00061 
-0.00034 0.00048 0.00066 -0.00043 0.00091 -0.00092 -0.00012 -0.00036 -0.00077 0.00035 
-0.00077 0.00027 -0.00096 -5.1e-005 0.00011 -0.00073 0.00098 0.00034 -0.00043 -0.00041 
-0.0007 -0.00097 0.00066 -0.00058 0.00058 0.00052 -0.00034 0.00022 -6.2e-005 -0.00014 
-0.00044 -0.0005 -5.3e-005 0.00083 -0.00018 -0.00083 -8.1e-006 0.00096 -0.00088 0.00082 
-0.00055 0.00027 -0.00097 -0.00088 -0.00077 -0.00035 -4.8e-005 0.00042 0.00037 0.00085 
0.00048 -0.00062 0.00044 0.00076 -0.00062 -9.1e-005 0.00097 0.00062 -0.00016 -0.0003 
-0.0001 0.00063 0.00017 -0.00067 0.00037 0.00049 0.00048 -0.00097 0.00018 -0.0004 
-0.00019 -0.00014 0.0005 0.00025 0.0001 -0.00051 -1.4e-006 0.00043 -0.0007 0.00031 


(:,:,0,3)
0.0007 -1.6e-005 -0.00029 -0.00064 0.0003 0.00019 0.00069 0.00023 -0.00016 0.00055 
0.00084 -0.00076 -0.00035 0.00042 -0.00042 -0.00066 -0.00028 0.00045 0.00013 -0.00031 
4.8e-005 0.00028 0.00074 -0.00015 0.00033 -0.00082 -0.00039 -0.00088 0.00052 -0.00074 
-0.00091 0.00016 -0.00067 0.00092 0.00099 0.00074 0.00021 0.00013 -0.00041 0.00017 
0.00083 0.00096 0.00037 -0.00024 -0.00021 -0.00071 0.00017 -0.00046 1.6e-005 -0.00086 
-0.00078 0.00026 0.00079 -0.00013 0.00031 0.00097 -0.00044 0.00035 -1.1e-006 -0.00094 
0.00011 0.00068 -0.001 -0.00073 5.5e-005 0.00043 -0.00049 0.00087 -0.00084 0.00082 
0.00041 -0.00027 -0.00053 0.00055 -0.00048 -0.00076 -4.2e-005 0.00011 -0.00013 -0.00066 
0.00098 -0.0007 0.00054 0.00027 0.00067 9e-006 -0.00037 -0.00056 -0.00094 0.00072 
-0.0006 0.00083 -0.00019 0.00019 -8.7e-006 0.00051 0.00015 0.00045 -0.00045 -0.00084 

(:,:,1,3)
-1.8e-005 0.00018 0.00065 -0.00018 -0.00037 -0.00074 0.00018 -0.00031 0.0003 -0.00065 
-0.00023 -0.00047 -0.00085 0.00087 0.00019 -0.00064 7.8e-005 0.00057 0.0001 0.00081 
-0.00017 -0.00091 0.00086 0.00072 0.0009 0.00016 -4.4e-005 -7.5e-005 -0.00048 -3.2e-005 
-0.00064 0.00014 -0.00099 0.00068 -0.00031 -0.00065 0.00062 0.00016 0.0002 0.00077 
0.00075 -0.00052 -0.00028 -0.0008 -0.00023 -0.00097 -0.00027 -0.00071 -0.00075 -0.00063 
0.00018 0.00043 0.00098 -4.8e-005 -0.00059 -0.00097 -0.00018 -0.00044 -0.00024 -0.0007 
-0.00047 -0.00094 -0.00045 0.00098 -0.0005 -0.00058 -0.00066 0.00042 0.00083 0.00023 
-0.00043 0.00057 -0.00085 2e-005 -0.00096 0.00084 0.00052 -0.00041 -0.00062 0.00066 
0.00089 -0.00092 -0.00074 -0.00036 0.00081 -0.00061 -0.00095 -0.00044 -0.0002 -0.0007 
-0.0007 0.0003 0.00073 -0.00054 0.00029 -0.00036 3.9e-005 0.00063 -0.00078 -0.00053 

(:,:,2,3)
0.00062 7.4e-005 0.00016 -0.00084 -0.00086 -0.00012 0.00087 0.00015 -0.00011 -0.00049 
0.00017 -3.6e-005 0.00084 0.00057 -0.00028 0.00074 0.00067 -0.00087 0.00053 -0.00056 
0.00074 -0.00099 4.8e-006 -0.00041 -9.1e-005 0.00093 0.00096 0.00018 0.001 0.00091 
0.00094 -9.7e-005 -0.00077 -0.00018 -2.2e-005 2.3e-005 -0.00031 -0.00027 0.00094 0.00059 
0.0005 0.00047 0.00049 0.00078 -0.00087 0.00071 0.00073 0.00068 -0.00089 0.00066 
-7.9e-005 -0.00073 -0.0006 -0.00035 0.00035 0.00068 0.00042 -0.00051 0.00026 -0.00043 
-9e-005 0.00022 0.00059 -0.00099 -0.00018 -0.00078 -0.00028 -0.00022 0.00052 -0.00034 
4.9e-005 0.0001 0.00091 -7.2e-005 0.00043 -0.00079 0.00013 -0.00063 -0.00081 -0.00067 
-0.00091 0.00086 -0.001 0.00046 -0.0008 -0.00052 -0.00036 0.00036 0.00026 0.00058 
-0.00084 -0.00085 -0.00091 0.00083 -0.00082 -0.00084 0.0007 0.00075 0.00039 0.00074 

(:,:,3,3)
0.00081 0.00083 -0.00043 -0.00029 0.00021 -9.6e-005 0.00069 -7.3e-006 0.00098 0.00024 
-0.00072 0.00075 0.00056 -0.00053 0.00068 -0.00097 0.00079 -3e-005 0.00035 -0.0009 
-0.00095 -0.00097 -0.00037 0.00079 -0.00022 0.00066 0.00032 0.00056 -5.7e-005 0.00097 
-0.00027 0.00075 0.00051 6.5e-005 0.00098 -0.00068 8.8e-005 0.00012 -0.00086 -0.0003 
0.00096 0.00055 0.00047 0.00022 -0.00054 -0.00098 -0.00061 0.00041 0.00037 0.00054 
0.00032 -0.00022 0.00045 -0.00049 0.00038 -0.00047 -0.00072 -0.00017 -0.00096 0.0001 
0.00097 -0.00099 -0.00069 -0.00071 0.00096 -0.0004 0.00095 0.00058 0.00076 0.00041 
5.4e-005 -0.00011 0.00023 3.7e-007 0.00099 0.00039 -0.00089 0.00085 0.00027 0.00013 
-0.0003 -0.00093 0.00099 -0.00033 0.00049 -0.00074 -0.00016 0.00016 0.00044 -0.00098 
-0.00068 -0.00041 0.00099 -0.00095 0.00081 0.00098 0.00025 0.00048 0.0003 -0.00011 

(:,:,4,3)
-0.00054 0.00058 -0.00064 3.6e-006 -0.00047 0.00094 0.00049 0.00094 0.00019 0.0008 
-1.9e-007 0.00054 0.00058 -0.00086 0.00083 0.00024 0.00083 -6.9e-005 0.0003 0.00052 
0.00034 -0.0005 -0.00082 -0.00083 0.00033 0.00014 -0.00087 0.00072 0.00022 5.8e-005 
-0.00073 -0.00031 -0.00056 0.00061 -0.00027 -0.00049 -9.5e-005 -0.00082 0.00068 0.00086 
-0.00038 0.00089 -0.00024 -0.00027 0.00071 -0.0002 0.00031 0.00015 -0.00055 -0.00054 
0.00058 0.00084 -0.00033 -1.3e-005 0.00062 1.1e-005 0.00071 0.00041 0.00041 0.00089 
-0.00033 0.00024 0.00049 -0.00041 0.0006 4.6e-005 0.00043 -0.00041 -0.00057 0.00028 
-0.00095 4.5e-005 0.00095 -0.00078 -0.00033 0.00014 -0.00047 0.00071 -0.0005 0.00047 
0.00025 0.00018 0.0005 3.2e-005 -0.00078 -0.00076 9.7e-005 -0.00026 0.00014 0.00091 
-0.00037 -0.00048 -0.00063 -5.3e-006 0.00037 0.00037 -0.00083 0.00048 -0.00036 0.00092 

(:,:,5,3)
0.00066 -0.00038 -0.0005 -0.00053 -0.00063 0.00053 0.00058 -0.00019 -0.00025 6.2e-005 
0.00043 0.00032 0.00021 0.00031 0.00016 -0.00072 0.00085 0.0005 -0.00045 -2.2e-006 
-0.00022 -0.00033 0.00095 -0.00034 -0.00059 0.00068 0.00043 -0.0004 -0.00039 -0.00038 
0.00048 -0.00088 -0.00097 0.00067 0.00023 -0.00053 -0.00099 0.00033 5.4e-005 -0.0007 
-0.00051 0.00033 -0.00077 0.00082 6.4e-005 0.00019 -0.00092 0.00038 0.0009 -0.00049 
0.00059 0.0006 0.00065 0.0009 -0.00053 -0.00068 0.00078 -0.00019 -0.00075 -0.00029 
0.00051 -0.00044 -0.00062 -0.00047 -0.00036 0.00088 -0.00052 0.00059 0.00012 -0.00084 
9.4e-005 0.00016 0.00057 -0.00099 -0.00096 -0.00082 0.0003 -0.00067 0.00011 0.00044 
-0.00045 0.00018 0.00047 0.00037 -0.00069 -0.00017 -0.0007 0.00027 -0.00089 0.00023 
0.0004 0.00081 0.00041 -0.0003 0.00032 -0.00064 0.0007 -0.0007 0.00045 -0.00053 

(:,:,6,3)
-0.00025 -0.00092 0.0008 6.2e-006 -0.00082 -0.00092 0.00086 0.00038 -0.00093 0.00054 
0.00028 -0.00039 0.00024 0.00032 0.00078 0.00035 0.00083 -0.00091 0.0002 -0.00075 
-0.00078 0.00093 -0.00098 0.00064 -0.00043 -1.8e-005 -0.00073 8.5e-005 0.00036 0.00021 
-0.00093 -0.00056 0.00037 0.00012 0.00076 3.9e-005 -0.00088 -0.00055 0.00087 -0.00015 
0.00074 0.00024 0.00098 0.00074 -0.0009 0.00055 -0.00083 -3.3e-005 5e-005 -0.00014 
0.00063 -0.00022 -0.00042 4e-006 0.0005 -1.2e-005 -0.00093 -0.00044 -0.00056 -0.00079 
-0.00053 -0.00047 0.00069 0.0006 -0.00092 -0.00085 -0.0009 -2.7e-005 0.00043 -0.00018 
-0.00097 -0.00066 0.00029 -0.00051 -0.00022 5.3e-005 0.00026 -0.00025 -0.00025 0.00021 
-6.2e-005 -0.00046 0.00041 -0.00099 -0.0001 0.00043 6.5e-005 0.0004 0.00085 -0.00082 
0.00092 -0.00017 0.00035 -0.0005 0.00046 0.00015 -0.00015 0.00063 -0.00043 -0.00033 

(:,:,7,3)
-0.00048 0.00066 0.00032 0.00012 -0.00058 0.00061 0.00082 0.00032 0.00028 0.00059 
1.7e-005 0.00044 0.00077 0.00032 0.00033 -0.00095 0.00043 -0.00097 0.00094 0.00024 
0.0002 0.00088 -0.0006 -0.00023 -0.00087 -0.00086 -0.00064 0.00099 0.00033 0.00025 
-0.0009 -0.00059 -0.00041 -0.00069 0.00034 -0.00051 0.00042 0.00053 -0.00023 0.00066 
-0.00099 0.00089 0.00051 0.00078 0.00091 -0.00014 -0.00091 -0.00091 0.00039 -0.00034 
-2.3e-005 0.00087 -0.00062 -0.00062 -0.00041 0.00036 -0.00028 0.00082 6.1e-005 -0.00096 
-7.4e-005 -0.0007 0.00028 -0.00023 0.00039 -0.00027 -0.00024 0.00017 -0.00028 0.00049 
-0.00011 0.00061 -0.00073 -0.00093 0.00061 -5.6e-005 -0.00023 0.00055 -0.00068 0.00047 
-0.0007 -0.00026 -0.00014 0.00017 0.0008 -0.0001 -0.00025 -0.00088 0.00012 -0.00091 
0.00065 0.00024 7.3e-005 -0.00018 -0.00098 5.7e-005 0.00061 0.00087 1.9e-005 0.00091 

(:,:,8,3)
0.0009 -0.001 0.00027 -0.00096 -0.00071 0.00088 -0.00024 0.00044 -0.00027 0.00037 
-7.8e-005 0.00085 7e-005 -9.9e-005 8.3e-005 -0.00066 -0.00092 0.00032 -0.00073 -0.00014 
-0.00066 -0.0007 -0.00047 -0.00053 -0.00046 -0.0003 0.00019 -0.00041 0.00042 0.00046 
0.0003 0.00088 -0.00086 8.9e-005 -0.00019 -0.0003 -0.00092 0.00087 0.00043 -0.00011 
-0.00052 -0.0007 -0.00074 0.00088 0.00057 0.00064 0.00014 -0.00079 0.00085 -0.00096 
0.00086 -0.00015 0.00087 0.00087 -0.0009 -0.00013 0.00056 0.00093 0.00057 0.00051 
-0.00031 -0.00059 0.00073 3e-005 0.00095 -0.0005 0.00079 -0.00072 0.00086 2.7e-006 
0.0001 0.00024 0.00042 -0.0005 -0.00053 -0.00022 0.00082 -0.00091 0.00023 -0.00082 
0.00091 -0.00095 -0.00037 -0.00013 -0.00026 -0.00058 0.00051 0.00058 0.00013 0.00097 
9.5e-005 -0.00094 0.00089 -0.00025 -0.00086 0.00017 -0.00095 0.00092 0.00081 0.00053 

(:,:,9,3)
-0.0008 -0.00058 -1.6e-005 0.00059 0.00046 0.00076 0.00078 0.00041 -5.7e-005 -0.00065 
0.00043 -0.00098 -0.00074 3.4e-005 -0.00021 0.00057 0.00014 -0.00065 0.00045 -2.1e-005 
-0.0008 7.4e-005 0.00055 0.00039 0.00052 5.7e-005 0.00041 0.00042 -0.00032 0.00073 
-0.00081 0.00039 0.00054 -0.00015 0.00053 -0.00082 0.00038 0.00069 6.3e-005 0.00031 
-0.0007 0.00072 -0.00082 -0.00069 0.00093 7.1e-006 -0.00068 -0.00044 2e-005 0.00018 
0.00065 0.00066 0.00074 -0.00067 -0.00024 -2.1e-005 0.00036 0.00074 -0.00064 0.00098 
-0.0003 -0.00058 3.4e-005 -0.00046 -0.00019 0.00047 -0.0006 0.00059 -0.001 0.00099 
-0.00053 0.0003 -0.00054 -0.0008 -0.0009 -7.2e-005 -0.00013 -0.00062 0.00039 3.7e-005 
0.00014 0.00099 0.00066 -5.5e-005 0.00029 -0.0009 0.00023 6.7e-006 -0.00049 0.00014 
-0.00048 -0.00026 0.0006 -0.00013 0.0004 -0.00078 0.0009 0.0007 0.00049 0.00036 


(:,:,0,4)
0.0007 0.00058 0.00016 0.00028 0.00095 -0.00087 -0.00039 0.00065 0.0003 0.00094 
-0.0005 -0.00066 -0.0005 0.00036 0.00019 -0.00034 -0.0009 0.00078 0.00052 0.00014 
-0.0009 -0.00071 -0.00052 -0.00098 -0.00083 0.00067 -0.00064 0.00052 -0.00057 0.00022 
0.00062 -0.00058 2.1e-005 0.0008 -0.00012 0.00098 -0.00036 0.0001 0.00034 0.00096 
0.00031 0.0009 0.00039 -0.00052 0.00093 -0.0005 0.00094 0.00029 0.00025 0.00021 
-5.2e-005 0.0001 0.00043 0.00089 -7.2e-006 0.00056 -0.00046 0.00069 0.00029 0.00049 
0.00078 0.00079 0.00092 0.00056 0.00083 -0.00075 -0.00057 -0.0008 0.00026 0.00054 
-0.00011 -0.0006 0.00041 -0.00094 -0.00024 -0.001 0.00097 -0.00064 0.00096 -0.00013 
-0.00079 0.00076 -7.6e-006 0.00028 0.00071 -0.0005 0.00017 0.00014 0.00087 0.00069 
0.00055 -0.00058 -0.00075 -3e-005 -0.00062 -0.00033 0.00075 -0.00014 0.00078 -0.00051 

(:,:,1,4)
-1.4e-005 -0.00096 -0.00017 0.00031 -0.00078 -0.00045 -0.00053 0.0003 -0.00087 0.00038 
-0.00058 -0.00012 4.8e-007 0.00083 0.00098 -0.00096 0.00086 -0.00028 -0.00057 -0.00086 
4.4e-005 -8.8e-005 -0.00082 -1.2e-005 5.9e-005 0.00012 -0.00031 0.00014 6.4e-005 0.00034 
-0.00032 0.00053 0.00042 0.00082 -0.00029 6.4e-005 0.0002 -0.00067 0.00019 0.00042 
0.00026 0.00043 0.00082 0.00051 -0.00052 -0.0009 -0.00084 -6.8e-005 0.00036 -0.00024 
-0.00063 -0.00067 -0.00054 -0.00024 0.00091 8.1e-005 -0.00051 0.00063 0.0006 0.00013 
2.9e-005 0.00063 0.00081 0.00054 -0.0006 -0.00071 -0.00079 -0.00031 -0.0007 0.00077 
0.0009 -0.00054 -0.00013 -6.3e-005 -0.0006 -0.00064 0.00053 0.0003 0.001 -0.00014 
0.00079 -8.4e-006 -0.00082 -0.00038 -0.00077 0.00072 0.00034 -0.00033 0.00071 -0.00057 
0.00097 -0.00084 0.00016 0.00052 -0.0001 -0.0008 -0.00012 -0.00096 0.00015 0.00023 

(:,:,2,4)
-0.00018 0.00044 -0.00036 -0.00089 -0.00093 0.00088 0.00087 0.00036 -5.8e-005 0.00086 
-0.00097 0.0006 -0.00056 -0.00033 -0.00051 -4.4e-005 -0.00075 0.0006 0.00031 0.00048 
-0.00075 -0.00075 0.00034 -0.00033 -0.00096 0.0009 -0.001 -0.00026 0.00036 -0.0009 
-0.00065 0.00088 -0.00048 -0.00088 -0.00096 -0.00016 -0.00025 0.00093 -0.00034 0.00072 
0.00023 0.00098 0.00021 -0.001 -0.00073 0.00015 0.00017 0.00046 -1.1e-005 0.00093 
-0.00067 -5.4e-005 -1e-005 0.00039 -0.00097 0.00069 -0.00082 -8.3e-005 -0.00022 -0.00066 
-0.00062 -0.00038 -0.00058 0.00066 2.9e-005 0.00072 0.00037 -0.00051 5.6e-005 -0.00071 
0.00039 -0.0004 0.0006 -0.00069 -0.00085 -0.00056 -0.00077 0.00013 -0.00075 0.00052 
-0.00088 -0.00082 0.00028 -0.00087 0.0006 0.00096 0.00096 -0.00072 -0.0005 0.0003 
0.00043 0.00075 0.00084 -0.0008 0.00037 0.00034 -0.00053 0.00053 -0.00012 -0.00015 

(:,:,3,4)
-0.00066 0.00072 -0.00052 -0.00053 -0.00071 -0.00014 0.0003 -0.00061 0.00035 -0.00019 
-8.5e-005 0.00065 -0.00046 -0.00061 -3.2e-005 0.00087 -0.00056 5.4e-005 0.00034 0.0009 
0.00064 -0.0001 0.00046 0.00087 -0.0008 2.2e-005 0.00082 0.00085 -0.00045 -0.00097 
0.00012 0.00085 -0.0004 0.00013 0.00063 0.00075 -0.00017 -3.6e-005 0.00048 -0.00087 
-0.00015 -0.00058 0.00079 -9.3e-005 0.00072 0.00014 -0.00093 -0.00068 0.00045 -0.00013 
-0.00089 3.3e-005 0.00088 0.00026 0.00085 -0.00071 0.00045 0.00064 0.0001 -0.00083 
0.00012 7e-005 0.00078 -0.00034 -0.00047 -0.00084 0.00044 0.00097 0.0008 -3e-005 
0.00036 0.00085 0.00087 0.00028 0.00096 0.00098 -0.00071 0.00021 -0.00038 0.00051 
-0.00065 -0.00059 -0.00094 -0.00025 0.0002 -0.00038 0.00041 -0.0005 0.00017 5.9e-005 
-0.00043 -0.00063 0.00077 0.00057 -0.00053 -0.00082 -0.00063 0.00047 0.00067 0.00033 

(:,:,4,4)
-0.0008 0.00056 0.00084 0.0007 0.00063 -0.00036 0.00063 0.00045 -0.00085 0.00014 
-0.00079 0.0005 0.00012 -0.00096 0.00022 0.00088 0.00057 0.00064 0.00031 -0.00075 
0.00067 0.00026 0.00048 -0.00043 -0.00043 -0.00091 -0.00024 -0.00074 0.00021 -0.00078 
0.00091 -0.00085 0.00062 1.1e-006 -0.00031 -0.00016 3.8e-005 -9.1e-006 -0.00088 0.00052 
0.00045 -0.00075 -0.00055 -0.00027 0.00011 -0.00043 -0.00061 0.00043 0.00067 -0.00089 
0.00062 0.00092 0.00098 0.00078 -0.00037 0.00023 0.00064 0.00082 0.00026 0.00016 
0.00095 0.00077 -2e-005 -0.00095 0.00017 -0.00044 0.00076 0.00026 -0.00056 -0.0008 
0.00067 -0.00088 0.00043 -0.00097 -0.00084 0.00043 8.7e-005 0.00074 -0.00084 -0.00066 
-0.00024 -0.0004 -0.00062 0.00082 -0.00044 0.00092 -0.00062 -7.4e-005 -0.00039 0.00021 
-0.0008 -0.0005 0.00064 0.00084 2.1e-005 -0.00081 0.00047 0.00098 0.00029 1.8e-005 

(:,:,5,4)
-0.00044 -0.00062 0.00094 -0.00076 -0.00025 0.00017 -0.00036 0.00044 -0.00063 -0.00012 
-0.00033 -0.00061 -0.0004 0.00079 0.00081 -0.00035 -0.00018 -0.00078 -0.00079 0.00084 
-0.00063 -0.00054 -1.1e-005 0.00097 0.00097 -0.00074 -0.00084 -0.0006 0.00086 4.2e-005 
0.00028 0.00017 -0.00086 0.00015 -0.00052 -0.00098 0.00053 0.00072 0.0001 -0.00057 
0.00073 0.00044 -0.00079 0.00033 0.00087 0.00051 0.00041 -0.00021 0.00034 -0.00081 
0.0009 -0.00014 -4.8e-005 0.00024 -0.00026 -0.00084 9.1e-005 -0.00094 0.00016 3.6e-005 
0.00053 -0.00094 0.00066 0.00043 2.4e-005 -0.0003 -1.1e-005 0.00045 0.00063 0.00023 
-0.00045 0.0002 -0.00059 -0.00053 0.0001 -0.00053 -0.00012 0.00035 0.00017 -0.0004 
-0.0002 -0.0002 1.9e-005 -0.00029 0.00041 0.00059 2.2e-005 0.00092 0.0007 -0.00081 
-0.00088 -0.0006 -0.00016 -0.00071 -0.00095 0.0004 -0.00026 0.00015 -0.00065 0.00021 

(:,:,6,4)
1.5e-005 1.9e-005 -0.00061 0.00079 -0.00027 -0.00012 0.00071 -0.00061 -0.00056 0.00041 
-0.00091 1.1e-005 -0.00079 -2.6e-005 -0.00098 0.00052 -0.00086 0.00069 -0.00018 0.00018 
-0.00035 0.00058 0.00051 0.00053 0.00055 0.00058 -6.3e-005 1.7e-005 -0.00018 0.00068 
-0.00058 2.3e-005 0.00057 -0.00036 0.00038 0.00029 0.00061 -0.00018 0.0003 -0.00017 
-0.00099 6.3e-005 -7.4e-005 0.00087 -5.3e-005 -0.0003 -0.00066 0.00044 0.0002 -0.00076 
0.00062 0.00089 0.00076 0.00066 -0.00072 0.0009 -0.00087 -0.00021 0.00099 0.00019 
-0.0007 -0.00026 0.00094 0.00058 0.0004 -0.00093 -0.00078 0.00092 -0.00035 -0.00015 
0.00082 -0.00015 -0.00061 0.00092 -0.0009 0.00046 0.00078 -0.00012 0.0006 0.00026 
0.00087 0.00078 -0.00024 -0.00048 0.00083 9e-005 -0.00091 -0.00096 -0.00066 -0.00041 
-0.00092 -0.00048 0.00016 -0.00021 -0.00042 -0.00036 -0.00033 0.00098 0.0008 0.00022 

(:,:,7,4)
-0.00081 0.00091 -0.00023 0.0003 -0.00034 -0.00046 0.00052 -0.00061 -0.00037 -0.00099 
0.00098 -0.00044 0.00022 8.9e-005 -0.00071 0.00097 -0.00084 -1.4e-005 -0.00077 0.00036 
8.6e-006 -0.00074 -0.00077 -0.0008 0.00077 -0.00064 0.00052 -0.00077 0.00072 0.00031 
-0.00075 0.00074 0.00031 -0.00064 -0.00012 -0.00042 0.00022 -3.8e-005 -0.00077 -1.3e-005 
-0.00057 0.00018 0.00064 -0.00068 0.00064 0.00098 -0.00041 0.00066 -0.00081 -0.00081 
-0.00051 0.00089 -0.00029 -0.00014 0.00015 0.00024 -0.00032 -0.00025 0.00034 -0.0003 
-0.00061 4.5e-005 -0.00078 -0.0004 0.00011 0.00042 6.4e-005 -0.00029 3.5e-005 -0.00075 
0.0005 0.00078 -0.00011 -0.00067 4.7e-005 -0.00086 -0.00086 0.00026 -0.00017 6.2e-005 
-0.00014 -0.00076 -0.00023 -1.3e-005 1.7e-005 0.00082 0.00028 0.00043 -0.00056 -0.00067 
-0.00076 -0.00059 0.00039 0.00091 0.00077 -0.00046 -0.00034 0.00014 -0.00046 -0.00043 

(:,:,8,4)
0.00014 0.00067 0.00015 0.00047 -0.00012 -0.00053 0.00026 0.00064 -0.00022 -0.00099 
-0.0001 -0.00068 9.7e-005 5.9e-005 -0.00048 -0.00086 -0.00024 -0.00035 0.00075 0.00079 
0.00068 0.00062 -0.00054 4.7e-005 -0.00038 0.00036 -0.00027 -0.00046 -0.0008 2.1e-005 
0.00052 -0.00062 -0.00099 -0.0005 0.00082 0.00016 0.00089 0.00013 0.0008 0.00063 
-0.00077 0.00096 -0.00018 -0.00035 -0.0007 -0.00052 0.00055 -0.00065 0.00052 -0.00046 
-0.00069 -0.00052 0.00072 0.00057 0.00011 0.00051 0.00074 -0.00013 -0.00025 0.00038 
0.00093 -0.00047 0.00024 -0.00087 -0.0009 -0.00087 -0.00088 -0.00049 -0.00045 -0.00058 
0.00093 0.0009 -0.00063 -0.00019 0.00027 -0.00014 -0.00057 0.00071 0.00058 0.0001 
-0.00045 -0.00048 -0.00069 0.00066 -0.00067 -0.00069 0.00068 0.00076 -0.00069 -0.00064 
-0.00075 -0.00019 0.0006 0.00072 0.00093 -0.00083 -0.00097 0.00065 -0.00083 -0.0002 

(:,:,9,4)
-0.00092 6.3e-005 -0.00085 0.00058 -0.00042 -0.00048 0.00034 0.00021 -0.0007 0.00017 
0.0003 0.00052 0.00029 -9.3e-005 0.0008 -0.00015 -0.00053 -0.00065 0.00029 0.00018 
0.00053 0.00091 0.00077 0.00086 0.00048 0.00047 0.00024 0.00098 0.00069 0.00021 
0.0007 -0.00068 -0.00014 -8.1e-005 0.00053 -0.00039 0.00031 0.00085 0.0007 -0.00026 
-0.00054 0.00043 -0.0004 0.00015 0.00066 0.00055 0.00072 0.00093 0.00095 0.0002 
-0.00055 -0.00053 -8.7e-005 0.00095 -0.00093 0.00057 2.1e-006 -0.00028 0.00068 0.0006 
4.9e-005 0.00053 0.00069 -0.00078 0.00023 0.0004 0.00024 -0.00075 0.00089 -0.00041 
0.00057 -0.00084 0.0008 -0.00052 4.6e-005 0.001 -0.00078 -0.00011 0.00046 0.00014 
-0.00026 0.00037 0.00055 -0.00041 -0.00045 0.00045 -0.00043 0.00022 -0.00015 -0.00024 
0.00025 0.00069 -0.00056 -0.00083 0.00027 0.00085 0.0003 -0.00017 0.00046 0.00054 


(:,:,0,5)
-0.00036 -0.00019 -0.00051 0.00015 -0.00011 -0.00014 0.00068 -0.00088 -7.4e-005 0.0003 
-0.00098 0.00031 0.00063 0.00039 0.00046 -0.0003 -0.00056 0.00011 0.00057 0.00029 
0.00096 -0.0004 -0.00039 -4.6e-005 -0.00034 -0.0002 8.4e-005 -0.00032 -0.00077 0.001 
-0.00017 -0.00098 0.00085 0.00061 0.0006 -0.0003 -0.00051 -0.00097 0.00047 -3.8e-006 
-0.00038 -0.00096 0.00028 0.00057 -0.00016 5.9e-005 -8.9e-005 0.00014 -0.00052 -0.00094 
-0.00058 -0.00017 -0.00079 8.8e-006 0.00036 0.00069 0.00065 0.00052 -0.00071 -0.00054 
-9.9e-005 0.00024 0.00068 -0.0005 3e-007 0.00064 0.00045 0.00048 0.00037 -5.1e-005 
-0.00036 0.00036 0.00067 -3.7e-005 0.00047 8.2e-005 0.00051 -0.0002 -0.0008 -0.00065 
0.00097 0.0009 -0.0005 0.00091 0.00093 -0.00015 -0.00072 -0.00099 -0.00075 -0.00093 
0.0009 0.00046 -0.0005 -0.00033 0.00046 -0.00037 -0.00064 0.00063 0.00022 -0.0008 

(:,:,1,5)
0.00046 -0.00071 -0.00047 0.00014 0.00015 0.00078 0.00051 0.00091 -0.0003 -0.00014 
0.0009 0.00075 0.00091 0.00011 -0.00053 -0.00093 -6.3e-005 0.00042 -0.00053 0.00042 
0.00028 0.00058 0.00088 -0.00056 -0.00033 -0.0008 -0.0005 -0.00071 -0.00018 -0.00057 
-0.00074 -0.00024 -0.00021 0.00081 0.00031 -0.00098 0.00096 -0.00051 0.00027 0.00043 
0.00032 -0.00029 0.00071 -0.00054 0.00032 -0.00082 0.00048 0.00042 -0.00085 0.00081 
0.00093 0.00031 -0.0007 0.00097 -7.2e-005 -0.00086 0.0005 -0.00012 -6.4e-005 -0.00047 
-3.2e-005 0.00091 -0.00026 -0.00011 -0.00065 0.00068 0.00044 0.00053 -0.00031 0.00076 
-0.00074 -0.00055 0.00049 0.00041 0.00045 0.00088 -0.00051 0.00028 -0.0001 0.00081 
-0.00047 -0.00055 0.00077 -0.00018 -0.00043 8.5e-005 -0.00081 0.00019 -0.00045 9.3e-005 
0.00026 -9.8e-005 0.00014 -7.9e-005 -0.00065 0.00054 -0.00044 -0.00092 -0.00081 -0.00063 

(:,:,2,5)
-0.00054 0.00039 -0.00044 -0.00091 -0.00059 0.00013 -0.00016 -0.00054 -0.00092 0.00043 
-0.00087 -0.00092 0.0001 0.00036 6.3e-005 0.00077 3.1e-005 0.00083 0.00081 -0.00082 
0.00058 -0.00048 -0.00068 0.00045 -0.00075 -0.00028 -0.00093 -0.00015 -0.00062 0.00076 
-0.00015 -0.00058 0.00034 -0.00013 0.00023 0.00054 -0.00085 -0.00023 -0.00078 2e-005 
-9.7e-005 -0.0005 -0.00025 0.00061 -0.0009 -0.00028 -6.2e-005 -0.00067 -0.00015 7.9e-005 
-0.00089 0.00057 0.00026 0.00071 -0.00097 0.00068 -8.6e-005 -5.4e-006 -7e-006 -0.00094 
0.00093 -0.00015 0.00095 0.00011 -0.00099 -0.00082 0.00027 -0.00051 0.00025 0.00044 
-0.00072 0.00075 0.00073 0.00059 0.0004 0.00064 0.00047 -0.00068 -0.00079 0.00091 
0.00051 0.00076 -0.00029 0.00023 0.00069 -0.00022 -0.00045 -7.9e-005 0.00088 0.00015 
0.0003 0.00069 -0.00035 0.00018 -0.00084 0.00033 -0.00073 0.00056 -0.00099 -0.00087 

(:,:,3,5)
-0.00096 -0.00077 0.00015 -0.00077 0.00037 0.00089 0.00027 0.00026 0.00033 0.00072 
0.00018 -0.00022 0.00094 -0.00085 0.00021 0.00042 0.00056 -0.00076 -0.00055 -0.00012 
-0.00021 -0.00098 0.0007 0.00046 -0.0001 -0.00011 0.00024 -0.00063 0.00019 0.00018 
-0.0005 0.00055 0.00043 -0.0009 0.00064 -0.00097 0.00074 -0.00089 -0.00092 0.00012 
0.00017 -0.00057 0.00088 0.00095 -0.00018 0.00077 -0.00059 -0.00064 0.00015 0.00075 
0.00013 -0.00069 0.0007 -0.00056 0.00054 -4e-005 -4.3e-005 0.00045 0.00047 0.00027 
0.00092 -0.00042 -0.0004 -8.9e-005 -0.00051 -0.00025 0.00081 0.00012 -4.5e-005 -6.2e-006 
-0.00051 5.6e-005 -0.00085 -0.00026 0.00017 -0.00037 -0.00034 -0.00075 0.00079 0.00019 
-0.00068 -0.00079 0.00029 0.0006 0.00064 0.00062 -0.00085 -0.00072 0.00046 0.00095 
-3e-005 -0.00053 -4.7e-005 -0.00057 0.00073 0.00077 -0.00052 -0.00051 -2.5e-005 -0.00083 

(:,:,4,5)
0.0005 0.00091 -0.00035 0.00025 -6.1e-005 -0.00028 0.00038 0.00079 -0.00019 0.00015 
0.00066 -0.00014 -0.0002 0.00022 0.00075 -0.00051 0.0005 7.9e-005 0.00081 -9.5e-005 
-0.00076 0.0007 -0.00096 0.0006 0.00095 0.00086 -0.00059 -0.00095 3.3e-005 -0.00088 
-0.00031 0.0004 -0.00072 -0.00036 -0.00024 -0.0001 3.3e-006 0.00074 0.001 0.00047 
0.00054 -0.00022 7.7e-005 0.00014 -0.0006 -0.00023 2.2e-005 -0.0009 -0.00032 6.1e-006 
-0.00055 0.00022 -0.00047 -0.00067 -0.00064 0.0005 0.0008 0.00095 6.1e-006 0.00072 
-0.00058 0.00074 0.00012 0.00039 -0.00033 -0.00065 0.00087 -0.00068 0.00063 -0.00082 
-7.3e-005 0.00072 -0.00081 0.00029 0.00013 -0.00074 -0.00078 -0.0002 -0.00053 -0.00082 
-0.00046 0.00069 -0.00064 0.00029 -0.00017 0.00044 -0.00067 -0.00069 -0.00029 -0.00054 
-0.00011 -0.00093 -0.0001 -0.00016 -0.00046 -0.00035 -0.00055 0.00063 0.00042 0.00083 

(:,:,5,5)
1.5e-005 -0.00068 0.0005 -0.00018 -0.0009 -0.00081 0.00093 0.00054 -6.7e-005 0.00061 
0.00049 0.00036 -0.00085 2.4e-005 -0.00038 -0.00015 -0.00028 0.00042 -0.00059 0.00047 
0.00012 -0.00092 0.0009 7.8e-005 0.00098 0.00042 0.0003 -0.00013 -0.00043 0.00072 
0.00079 0.00057 -0.00063 0.00045 0.00058 0.00078 -0.00031 -3.5e-005 -0.00059 -0.00025 
-0.00018 0.0009 -0.00077 -0.00066 -0.00097 -0.00072 0.00015 0.00092 -0.00094 0.00058 
0.0007 -0.0007 -0.00015 0.00025 -0.00038 0.00026 -0.00091 -0.00094 0.00084 5.2e-005 
0.00055 -0.00045 9.9e-005 -0.00035 -0.00083 -0.00072 0.0009 -0.00013 -0.00064 -0.00079 
0.00068 -0.00078 0.0009 0.00053 6.5e-005 -0.00027 -4.7e-005 -0.0005 -7.5e-005 -0.00076 
-0.00095 0.0005 -0.00051 -0.00066 -8.6e-005 -0.00062 -0.0008 -0.00054 -0.00034 -0.00053 
-0.00066 -0.00022 -0.00013 -4.4e-005 0.00037 0.00027 -0.00088 0.0005 0.00079 -0.00046 

(:,:,6,5)
0.00078 0.00052 -3.3e-005 0.00015 0.00095 3.5e-005 0.00014 0.00063 0.00057 0.00073 
-0.00037 0.00025 -0.00066 0.00097 -0.0009 -0.00087 -0.0008 0.00035 -0.00045 -0.00047 
-0.00027 -0.00075 -0.00092 -0.00099 0.00083 5.5e-005 0.00054 0.00088 -0.00089 0.00038 
-0.00088 0.00012 -0.00032 0.00066 -0.0009 0.00082 0.00033 -0.0001 0.0003 -9.8e-006 
0.00063 0.00053 0.00076 -0.00073 0.00021 -0.00023 -0.00027 0.0001 -0.00032 -0.00065 
-0.00054 -9.9e-005 -0.00022 0.00078 -0.0005 -0.00037 -0.00035 -0.0008 -0.00014 0.00047 
-0.00068 -0.00089 -0.00085 -0.00067 0.00089 0.00026 -3e-005 -0.00091 -0.00065 -0.00038 
6.9e-005 0.00093 -0.00063 -0.00097 0.00014 -0.00084 -0.00098 -0.00083 -0.00087 -0.00027 
0.00091 -0.00052 0.00082 -0.00034 -3e-006 -0.00068 -0.0007 0.00058 0.0009 6.4e-005 
2.7e-005 0.00064 0.00049 0.00086 -0.00069 0.00027 -0.00066 -0.00022 -6.6e-005 -0.00039 

(:,:,7,5)
-0.00083 3e-005 -0.00048 0.00022 -0.00098 0.0006 -0.0007 -0.00087 0.00051 -7.5e-005 
0.00057 0.0008 -0.00094 0.0007 -0.00062 -0.00019 0.00043 0.00021 -0.00016 -0.00094 
-0.00051 -0.00019 0.00054 0.00037 -3.5e-005 -0.00063 -0.00027 0.00025 0.00099 0.00091 
-0.00061 0.00037 -0.00075 -0.00035 -0.00012 -3.9e-005 0.0003 5e-005 0.00043 0.00098 
-0.00056 -0.00073 4.2e-005 -0.00078 0.00084 0.00017 0.00043 0.00038 -4.8e-005 -0.0005 
-0.0003 -0.0003 0.00048 -0.0005 9.6e-006 -0.00024 0.00077 0.00092 -0.00064 -0.00069 
0.00061 0.00091 -0.00044 0.00079 0.00047 -0.00039 -0.00085 -0.00091 -0.00078 -0.00078 
-0.00048 -0.00072 0.00066 0.00046 0.00077 0.00075 -0.00087 -0.00012 -0.00092 -0.001 
0.00036 -0.00076 -0.00083 0.00066 -0.00099 -0.00086 0.00022 -0.00048 0.00026 -8.3e-005 
-0.00074 0.00072 -0.0006 1.5e-005 0.00036 0.00075 -0.00086 -0.0004 0.00098 0.0009 

(:,:,8,5)
0.00072 -0.00049 0.0008 0.00082 0.00091 0.00065 0.0001 -0.00066 -0.00027 -9.1e-005 
-0.00042 0.00083 -0.00093 7.8e-006 -0.00093 -0.00083 -0.00075 -0.0004 -8.7e-005 -6.1e-005 
-0.00015 -0.00044 -0.00071 -0.0008 -0.00092 -0.00054 -0.0002 0.00011 0.00038 0.00036 
-0.00095 0.00044 0.00034 0.00045 -0.00092 0.00084 -0.00035 -0.00068 0.00027 -0.00012 
0.00074 -0.0007 0.00049 -0.00072 -0.00086 -0.00046 0.00026 0.00086 0.0003 -0.00068 
6.7e-005 0.00013 0.00019 0.00065 0.00068 4e-005 -7.6e-005 0.00077 0.00031 -0.00048 
0.00013 -0.00084 0.00017 0.00045 0.00016 0.0003 -0.00038 -0.00022 -0.00047 -0.00066 
-0.00023 0.00077 -0.00034 0.00095 0.00045 0.00039 -0.0006 -0.00065 0.00051 -0.00061 
-0.00052 0.00089 0.00086 0.00087 -0.00021 0.00037 -0.00078 0.00031 -5.9e-005 -0.00019 
0.00077 0.00011 -0.00036 0.0004 -0.00087 0.00045 -0.00096 -0.00016 0.00061 0.00069 

(:,:,9,5)
0.00082 0.00059 0.00032 -0.00058 -0.00027 -0.00019 -0.00085 0.00095 -0.00059 0.00061 
6.8e-006 -0.00069 -0.00093 9.6e-005 0.00034 0.00095 0.00063 -0.00063 0.00039 -0.0002 
0.00073 0.00045 -0.00031 -0.00028 0.0009 0.00022 0.00014 0.00076 -0.00049 0.00022 
-0.00018 -0.00011 5.9e-005 0.00092 0.00034 -0.00046 0.00086 -0.00072 -0.00083 0.00099 
0.00053 9.7e-006 -0.0006 -2.2e-005 0.00074 0.00058 0.00067 -0.00086 3.6e-005 -0.00056 
0.00075 -4.5e-005 -0.00019 -9e-005 -0.00086 -0.00033 0.00065 -0.0005 0.00029 0.00036 
-0.00076 0.00094 0.00078 -0.00021 -0.00032 8.7e-005 -0.00061 0.00092 -0.0003 3.8e-005 
0.00061 -0.00092 0.00044 -0.00067 -0.00072 0.00082 -2.1e-005 -9.3e-005 9e-005 -0.00015 
-0.00069 0.00063 -0.00028 0.00051 -0.00024 -0.00041 -3.5e-005 5.7e-005 5.7e-005 0.00015 
0.00079 -0.00044 -0.0001 0.00089 -0.00047 1.4e-005 -0.00098 0.00078 -0.00038 7.9e-005 


(:,:,0,6)
-0.00035 0.00062 -0.00071 -0.00045 0.00031 0.00079 0.00067 0.00061 0.00079 -0.00079 
-0.00045 0.00072 -0.00025 -0.00028 -0.00049 0.00049 8.4e-005 0.00054 -0.0009 0.00035 
-1.9e-006 2.2e-005 0.00048 -0.00017 -0.00075 -0.00032 0.0006 3e-005 -0.00088 0.00098 
-0.00041 -0.00043 0.00046 -0.00096 -0.00094 8.6e-005 0.00076 0.00082 0.00053 0.0006 
-5.5e-005 0.00051 -0.00093 -0.00053 0.00039 0.001 -8e-005 0.00034 0.00055 -0.00038 
-4.7e-005 5.7e-005 0.00051 -0.00094 -0.00031 6.1e-005 0.00076 -0.00078 0.00067 0.0007 
-0.00044 0.00085 -0.00011 -0.00045 0.00038 -0.00091 -0.00046 0.00073 3.8e-005 -0.00038 
-3e-006 0.00011 -0.00049 8.8e-005 -0.00018 -0.00065 -0.00042 -4.4e-005 -0.00068 -0.00046 
-9.7e-005 -5.5e-005 -0.00088 -0.0003 -0.00047 0.00097 -0.00066 -0.0009 0.0004 0.00059 
0.00062 0.00094 -0.00021 -0.00026 -0.0003 -0.00089 0.00053 -0.00099 -0.00081 4.1e-005 

(:,:,1,6)
-0.00027 -0.00055 0.00069 -0.00018 -0.00043 -0.00034 -0.0004 -0.00045 0.00029 -0.00044 
-0.00081 0.00086 -0.00055 -0.00086 -8.9e-005 0.00063 0.00029 0.00027 -0.00031 0.00047 
-0.00061 0.00049 -0.00018 -0.00052 3e-005 0.00026 0.00097 -0.00054 2.7e-005 0.00096 
-0.0004 -0.00045 -0.00065 -0.00094 -0.00088 0.0002 -0.00084 -0.00062 0.00087 -0.00031 
-0.00096 -8.5e-005 0.00041 0.00037 8.8e-005 0.00011 8.7e-006 0.00091 -0.00082 -0.00057 
-0.00068 0.00067 -0.00051 0.00015 0.00024 0.00079 0.00048 0.00093 -0.00032 4.8e-005 
0.00089 0.00049 0.00054 -0.00023 -0.00086 0.00072 -0.00036 -0.0009 0.00055 -0.00074 
0.00043 -0.00018 7.7e-005 -0.00092 -0.00045 0.00044 -0.00098 0.0007 -0.00017 0.00092 
0.00016 0.00032 0.0003 -0.00047 -2.5e-005 0.00038 -7e-005 0.00064 -0.0007 0.00056 
0.0003 -0.00023 0.00068 -1.9e-005 -0.00062 -0.00057 -8.7e-005 0.00071 -0.00042 0.00043 

(:,:,2,6)
-0.00052 0.00063 -0.00049 -0.00027 -0.00028 -0.00055 1.2e-005 -0.00015 0.00073 0.00091 
-0.00065 -0.00033 0.00015 -0.00076 -0.00029 0.00024 -8.3e-005 -0.001 0.00011 -7.2e-005 
-0.00066 0.00058 -0.00058 -0.00045 0.00067 0.00029 -0.00092 0.00068 0.0004 0.00069 
0.00043 0.00027 0.00072 -5.1e-005 -9.3e-005 -0.00023 -0.00019 0.00048 2.2e-006 0.00068 
-0.00096 -0.00048 0.00059 0.00067 -0.00016 0.00095 -9.1e-005 -0.00076 3.5e-005 -0.00083 
-0.00062 -0.00076 0.00051 -0.00063 -0.00091 0.00044 0.0004 -0.00034 -0.00014 4.1e-005 
-0.00027 0.00062 0.00087 -0.00023 0.0004 0.0005 0.0005 -0.00085 0.00086 -0.00059 
-0.00043 0.00036 0.00014 -0.00064 -0.00093 -0.00073 -0.00058 -0.00025 -0.00026 7.1e-005 
-0.00027 0.00016 0.00024 -0.0008 -0.00092 0.00021 -8.8e-005 0.00046 0.00079 -0.00011 
-0.00044 0.00026 -0.00033 0.00042 -0.00079 -0.00048 -0.00076 0.00073 -0.00067 0.0009 

(:,:,3,6)
0.00027 0.00019 -0.00098 0.00039 0.00082 5.5e-005 5.9e-005 0.00092 -0.00094 -0.00069 
0.00054 0.00054 0.00092 0.00065 -9.5e-005 0.00029 0.00068 -0.00022 -0.00043 -0.00032 
-0.00054 3.4e-005 0.00045 0.00013 -0.00085 0.00068 0.00082 -0.00037 -0.00095 0.00061 
0.00048 -0.0003 -0.00059 0.00083 0.00086 0.0004 -0.00026 -0.00018 -3.8e-005 -0.00038 
-0.0002 0.00047 0.00022 0.00041 -0.00082 0.00017 -4.5e-005 -0.00099 0.0006 -0.0007 
0.0003 0.00065 -0.00043 0.00053 -0.00044 -0.0006 0.00042 -0.00022 -0.00042 -0.00033 
-0.00067 -0.00032 0.0008 0.00069 0.00022 0.00091 0.00053 -0.00098 -0.00032 -8.7e-005 
0.00092 0.00099 -0.00032 0.00052 0.00069 0.00092 -0.00094 0.00053 -0.00016 0.00038 
0.00086 0.00028 0.00023 0.00083 0.00043 0.00011 -0.00058 -0.00057 0.00079 0.00039 
0.00056 -0.00021 -0.00041 0.00039 -0.00077 -0.0003 0.00088 -0.00082 -0.00084 -1.9e-005 

(:,:,4,6)
0.00012 0.00069 0.00081 0.00096 0.0009 -0.00028 0.0001 0.00051 -7.4e-005 -0.00077 
0.00068 0.00088 0.00027 0.00071 -0.00017 -8.8e-005 -0.0007 -0.00015 0.00063 4.2e-005 
-0.00028 0.00096 0.00068 0.00034 0.00062 -0.00052 0.00034 -2.2e-005 0.00069 0.00029 
-0.00069 0.00012 0.00081 0.00093 0.00022 -0.00011 0.00015 0.00077 0.00036 -0.0006 
0.00059 -0.00069 -0.00065 -0.00035 -0.00038 0.00014 0.00048 0.00083 6.2e-005 -0.00044 
0.00092 0.00098 -0.00033 0.0007 -0.00076 -0.00061 0.00031 4.1e-005 -0.0006 -0.00071 
0.00084 -0.00049 0.00032 0.00098 -0.00057 -0.00049 0.00041 -0.0009 0.0004 0.00054 
-0.00065 1.7e-005 -0.00037 -0.0007 0.00067 0.00048 -0.00094 -9.2e-005 0.00095 0.00071 
0.00067 0.00092 -0.00019 0.00051 0.00014 -0.0003 5.5e-007 -0.00073 -0.00057 0.00013 
0.00064 7.4e-005 0.00012 0.00043 0.00095 0.00062 -0.0001 0.00047 0.00046 -0.00089 

(:,:,5,6)
-0.00081 0.0008 0.00021 0.00088 0.00076 -0.00049 -0.00056 -0.0008 -0.00097 -0.00041 
0.00012 -8.1e-005 -0.00048 0.00021 -0.00083 0.0005 -0.00034 7.6e-006 0.00047 0.00066 
0.0004 0.00079 -0.00012 0.00027 -0.00017 -0.00078 -0.00079 -0.00078 0.00024 0.00017 
-0.00089 -0.00025 0.00015 0.00096 -0.00088 0.00095 -0.00067 2.5e-005 -9.2e-006 0.00085 
-0.00086 0.00051 0.00023 0.00039 -0.00023 -0.00098 0.00051 0.0009 -0.00088 0.00066 
0.0008 -0.00099 -0.00035 0.00072 -0.00039 0.0004 -0.00066 -0.00013 0.0005 -0.00093 
-0.00071 0.00058 3.6e-005 0.00037 0.00075 0.00068 5e-005 0.00082 -0.00044 0.00036 
0.00043 0.00073 0.00067 0.00078 5.3e-005 0.00047 -0.00069 0.00052 -0.00033 -0.00062 
0.00078 -0.0005 0.00019 -0.00097 -0.00079 -0.00024 0.00092 0.0004 -0.00021 -0.0006 
0.00058 0.00051 -0.00015 -0.00046 -0.00065 3e-005 -0.00094 0.00061 -0.0005 0.00052 

(:,:,6,6)
0.0004 0.00057 -0.00079 -0.0008 -0.00048 -0.00058 0.00061 -0.00038 -0.00081 -0.00055 
0.00085 0.00042 -0.00086 0.00023 -0.00072 -0.00024 0.0006 -1.5e-005 -0.00082 0.00015 
-0.00081 0.00082 5.5e-005 -0.00015 0.00068 0.00071 0.00031 0.00054 0.00042 -2.9e-005 
-0.00033 -0.00088 0.00028 0.0005 -0.00071 -8.2e-005 -0.0002 0.00082 -0.00097 -0.00049 
-0.00043 -3.3e-005 0.00064 0.00041 -0.00045 -0.0008 -0.00091 0.00056 0.00059 -0.00068 
-0.00064 0.00096 0.00039 0.00073 9.9e-005 -0.00062 0.00053 -0.0009 0.00059 0.00076 
0.00057 0.00022 -0.00059 -0.00026 0.00062 0.0002 0.00074 0.00016 -0.00089 -0.00083 
0.00011 0.00079 0.00042 0.00042 -0.00088 0.00086 7.2e-005 -0.00024 0.00064 0.00036 
-0.00058 -0.00084 -0.00016 -0.00022 -0.00088 0.0003 0.00054 0.00043 0.00055 0.00042 
0.00023 -0.00091 0.0003 -0.00062 -0.00035 0.00068 0.00071 0.00064 0.00036 -2.2e-005 

(:,:,7,6)
0.00036 -0.00087 -0.00064 -0.0007 -0.00045 0.00062 0.00081 0.00077 -8e-005 -5.1e-005 
-0.00073 0.00024 -2.5e-005 -0.00066 0.00033 1.5e-005 -0.00096 0.0002 -0.00057 0.00037 
-0.00045 -6.3e-005 0.00087 0.00011 -0.00085 0.00021 0.00042 -0.00044 -0.00034 -9.5e-005 
-0.0004 0.00015 0.001 0.00087 0.00052 -0.00064 -0.00065 0.00048 -0.00059 5.1e-005 
5.1e-006 0.00096 0.00098 0.00033 -5.6e-005 -0.00025 0.00084 -0.00086 -0.0003 -0.00037 
0.00094 0.00041 0.0009 0.00063 -0.00071 0.00034 -0.00054 0.0005 -0.00075 0.00064 
-0.00088 0.00046 0.00089 0.00082 -0.0008 0.00058 0.00099 -0.00038 0.00077 -0.00054 
-0.00081 0.00058 0.00018 -0.00079 0.00096 0.00017 -0.00099 -0.00027 -0.00078 0.0007 
-0.00037 -0.00084 0.00096 0.00021 -0.00047 -0.00094 -0.00017 -0.00037 -0.00074 0.00034 
0.00017 0.00069 0.00024 0.00027 -3.9e-005 0.00037 0.0004 -0.00095 0.00031 -0.00056 

(:,:,8,6)
0.00025 -0.0006 0.00015 0.00044 0.00022 -0.001 0.00067 -0.00022 -0.00074 0.00048 
0.00049 -0.00051 -0.00054 -0.0008 -0.00012 0.00024 0.00059 0.00084 -0.00053 -0.0006 
0.0004 -0.00055 -0.00066 0.00038 6.9e-005 0.00021 9.2e-005 -0.00082 0.0007 -0.00035 
0.00026 -0.00093 -0.00068 -0.00068 0.00049 0.00054 -0.00088 0.00055 0.00067 -0.00033 
0.00064 -0.00066 -0.00044 0.00067 -0.00044 -9.4e-006 -0.00049 0.00043 0.00033 -0.00029 
0.00091 -0.00057 0.00063 0.00029 -0.0004 -0.00012 0.00035 0.00033 -0.00037 0.0005 
-2.7e-005 -0.00013 0.001 -0.00019 0.00065 0.00054 0.00091 0.00065 0.00088 0.00085 
-0.00089 -0.00067 -0.0009 -0.00013 -0.00015 -0.00049 -0.00067 0.00078 0.00036 -0.0002 
0.00037 -6.7e-005 0.00075 -0.00084 0.00019 -0.00081 0.00062 0.00084 -0.00035 -0.00051 
9.6e-005 0.0009 -0.00039 0.00025 9.8e-005 0.00038 -0.00035 -0.00095 0.0005 -0.00068 

(:,:,9,6)
-9.7e-005 -0.00027 0.00024 0.00049 0.00093 -0.00036 -4e-005 -0.00044 0.00079 -0.00053 
5.9e-006 0.00038 5.3e-006 0.00018 -0.00061 -0.00048 0.00016 -0.00018 0.00099 0.00059 
-0.00076 0.00078 -0.0009 0.00097 0.00055 -0.00079 0.00035 -0.00064 -0.00064 0.00014 
-1.3e-005 -2.6e-005 0.001 -0.00064 -0.00037 0.00061 -0.00055 0.00024 -0.001 -0.00067 
-0.00018 0.00093 -0.0007 -0.00044 -0.00033 5.6e-005 0.00056 0.00077 -0.00047 -0.00015 
-0.00074 0.0002 -0.00093 5.6e-005 -9e-005 0.00052 -0.001 0.00042 0.00051 -0.00017 
8.8e-005 -0.00051 0.0002 -0.00027 0.00061 -0.00041 9.9e-005 0.00032 -0.00056 -0.00055 
-0.00069 -0.00037 0.00068 -0.0004 -0.00051 0.00026 0.00019 0.00098 0.00097 -0.0002 
-0.0002 0.00044 -0.00071 0.00067 -0.00025 -0.00015 -0.00055 0.00059 0.0004 0.00014 
-0.00034 -0.00063 -0.00064 0.00055 -0.00082 0.00095 -0.0008 -0.00047 0.0003 -0.0002 


(:,:,0,7)
-0.00072 0.00031 -0.00042 0.00014 0.00093 0.00049 -0.00063 -0.00018 0.00012 0.0004 
-0.00071 -0.00049 -0.00033 -0.00068 -0.00088 -0.00012 -0.00045 9.8e-005 0.00081 0.00099 
0.00021 0.00072 -0.00037 -0.0002 0.0009 -0.00043 0.00095 0.00048 -0.00095 0.00021 
-0.0002 0.00047 0.0006 -0.00081 -0.00096 0.00054 -0.00031 0.00098 0.00082 -0.00024 
-0.00064 4.2e-005 -0.00022 -0.00053 0.0001 0.00066 0.00044 -0.00049 -0.00014 -0.0007 
7.2e-005 0.00096 -0.00071 0.001 -0.00063 -0.00098 -0.00026 -0.00066 -0.00044 0.00089 
-0.00087 0.00079 0.00034 0.00089 -0.00064 5.8e-005 0.00069 0.00036 -2.2e-005 0.0006 
-0.00062 -0.00038 0.00017 0.0004 0.00095 0.00049 -0.00055 0.00067 0.0007 -0.00031 
0.00015 -0.00054 0.00017 -0.00089 -0.0003 -0.00052 -0.00016 0.00044 -0.00093 0.00015 
0.00052 -0.00016 -0.0005 -0.00066 -0.00053 -0.00033 -0.00093 0.00086 -0.00094 0.00074 

(:,:,1,7)
0.00074 0.00083 0.00069 -0.00013 -0.00026 0.00025 0.00032 0.00016 0.00033 0.00054 
0.00015 -0.00069 -0.00046 0.00023 -0.00086 -0.00038 -0.00017 -0.00095 -0.00088 -0.00055 
-0.00047 0.0002 -0.00048 -0.00091 0.00071 -0.00068 -0.00085 -0.00088 -0.00088 0.00044 
0.00072 -0.0005 0.00087 -2e-005 -0.00043 0.00072 0.00097 -0.00079 0.00049 -0.0003 
-0.00076 0.00024 -0.00088 -0.0002 0.00066 -0.0007 -0.00096 -0.00039 -0.00038 -0.00063 
-0.00066 -0.0009 0.00024 0.00074 0.00042 0.00084 -0.00013 -0.00012 0.00012 -0.00051 
-0.00021 0.00094 -4e-005 -0.00048 -0.00073 5.1e-005 0.00021 0.00032 0.00029 -7.3e-005 
0.00075 1.6e-005 -0.00083 -0.00042 0.00018 0.0004 -0.00094 -0.00079 0.0009 -0.00096 
0.00075 -0.00082 -0.00056 -0.00075 -0.00018 0.00079 -0.00041 0.00012 1.8e-006 0.001 
-3.3e-005 0.00082 -0.00011 -0.00014 0.00053 0.0007 0.00084 -0.00062 -0.0007 0.00027 

(:,:,2,7)
0.00035 0.0005 -0.00048 0.00055 -0.00016 0.00038 0.00048 -0.00092 -0.00026 -0.00033 
0.00069 1.4e-005 -0.00062 6.6e-005 -0.00099 0.00047 -0.00092 0.0008 0.00046 -0.00019 
2.3e-005 0.00047 1.3e-005 -0.00074 -0.0008 0.00017 -0.00045 -0.00013 0.0007 -0.0002 
0.00095 0.00058 0.00049 0.00015 0.00056 -0.00063 -0.00098 -0.00082 0.00017 0.00029 
-0.00054 -0.00077 0.00026 -0.00051 0.0007 0.00083 -0.00076 7e-005 0.00032 -0.00017 
0.00081 -0.00083 -0.00024 -0.00096 0.00023 0.00072 -1.1e-005 -0.00047 0.0004 -0.00039 
-0.00027 0.00044 -0.00054 0.00053 -9.6e-005 -0.00084 0.00015 -1.9e-005 4.9e-005 0.00057 
-0.00023 0.00057 0.00034 0.00024 0.00043 -0.00074 0.00076 0.00031 -6.9e-005 0.00085 
-0.0007 0.00034 0.00061 -0.0005 0.00083 5.6e-005 0.00026 0.00018 0.00083 -0.00021 
0.00041 0.0004 0.00019 0.0003 -3.5e-005 0.00063 -0.0002 -0.00068 -0.00023 -0.00029 

(:,:,3,7)
0.00041 -0.0004 0.00039 -3.4e-005 -0.00017 -0.00044 0.00034 -0.00038 0.00013 -0.00082 
-0.00072 0.0003 -0.00096 0.0007 0.00013 -0.00054 -0.00028 0.0005 -0.00034 0.00085 
-5.4e-005 -0.00033 -0.00026 0.00013 -0.00068 0.00084 1.9e-005 0.00045 -0.00043 0.00051 
-0.00086 -0.00051 0.00089 7.2e-006 -0.00047 0.00087 0.00051 0.0005 2.7e-005 0.00027 
0.00095 -0.00016 0.0007 0.00085 0.00071 5.4e-005 0.00058 0.00027 0.00062 -0.0008 
0.00092 0.00077 0.00028 -0.00098 0.00064 0.00015 0.00086 -0.00058 8.6e-007 0.00096 
-0.00036 0.0008 0.0004 0.00039 -0.00094 3.1e-005 0.00097 -0.00034 -0.0006 6.1e-005 
0.00033 -0.00085 -5.3e-005 0.00062 0.00015 0.00061 0.00093 0.00049 0.00049 -0.00013 
-0.00012 -0.00037 0.00087 -0.00082 -0.00055 -0.00063 -0.00011 -0.00085 0.00052 -0.00093 
-0.00022 0.0001 -0.00066 0.00036 -0.00096 0.00081 4.7e-005 0.00082 -0.00092 0.00066 

(:,:,4,7)
0.00016 0.00078 -0.00084 -4.6e-005 0.00022 0.00044 -0.00092 -0.00038 0.00058 -0.00032 
0.00098 -0.00024 0.00018 0.00035 -0.00071 0.00048 0.00076 0.00016 -0.00031 -0.00055 
0.00085 -0.0002 0.00014 0.00038 -0.00045 -0.00068 0.00088 -0.00056 0.00057 -0.00086 
-4.5e-006 2.3e-005 -0.00036 0.00068 -0.0005 -0.0003 0.00021 0.00058 0.00069 0.00078 
-0.00014 0.00022 -0.00088 -0.00035 0.00073 -0.00051 0.0007 8.9e-006 7.3e-005 -0.00049 
0.00062 0.00043 -0.00098 0.00045 -0.00028 -0.00071 -0.00055 0.00018 -0.00021 -0.00068 
9.5e-005 -0.00035 -0.00057 0.0006 -0.00017 5.3e-005 0.00021 0.00056 0.00058 -0.00078 
2.7e-005 -0.00012 8.6e-005 0.0003 -0.00017 -0.00084 0.00055 -8.2e-005 0.00018 -0.00011 
-6.4e-005 0.00093 0.00045 0.00092 -0.00035 -0.00094 0.00097 0.00086 0.00039 0.00089 
-0.00018 0.00041 -0.00032 0.00084 0.00063 -0.00014 0.00015 -0.00085 0.00034 -0.00093 

(:,:,5,7)
0.00048 -0.00059 -1.8e-005 -0.00017 -0.00035 0.00049 0.00017 0.0009 -0.00085 0.0002 
0.00075 0.00069 -5.3e-005 -0.0005 -0.00014 0.00025 -0.00022 -7.2e-005 0.00011 0.00012 
-0.00045 0.00064 -0.00098 -0.00088 -0.00018 0.00025 -0.00077 -0.00052 -0.00067 0.00043 
0.0007 0.00065 0.00091 -0.00041 -0.00069 0.00055 0.00051 -0.00015 0.00094 0.00042 
-0.00044 -0.00043 0.00085 -0.00093 -0.00044 5.6e-005 -0.00062 -0.00058 0.00084 -7.1e-005 
0.00054 -0.00022 0.00088 0.00044 -0.00018 0.0007 -0.00063 -0.00035 -0.00043 -0.0005 
-0.00098 0.00081 0.00094 0.00078 -0.00043 0.00035 -9.9e-005 -0.00027 -0.00077 0.00021 
-6.6e-005 -0.00066 0.00029 0.00069 -0.00043 0.0004 -0.0005 -0.00082 0.00024 -0.00082 
0.00099 0.00092 0.00032 -0.0008 -0.00056 -0.001 -0.00085 -0.00095 -0.00046 -0.00078 
-0.00029 -0.00078 0.00037 -0.00025 -0.00054 0.00041 -0.0003 0.0001 1.6e-005 0.00013 

(:,:,6,7)
-0.00074 0.00073 0.0008 0.00082 -5.8e-005 0.00059 0.00092 -0.00038 -0.00029 -0.00091 
0.00035 0.00035 -0.0009 -0.00099 -0.00077 -0.00016 0.00064 3.5e-005 -0.00042 -0.00028 
0.00085 -4.7e-005 -0.00063 8.1e-005 -0.0002 -0.00091 0.00037 0.00049 0.00093 0.0006 
-0.00065 -2.6e-005 7.2e-005 2.5e-005 -0.00091 -0.00078 -0.00077 0.00066 0.00038 -0.00069 
-0.00066 0.00074 -0.00081 0.0001 0.0008 0.00098 -3.2e-005 -0.00038 -0.00069 -0.0004 
-0.00066 -0.00034 -0.00059 -0.00057 -0.00094 0.00012 0.00096 -0.00039 0.00076 -0.00024 
0.00058 0.00084 -0.00014 -0.00067 -0.00083 0.00031 -0.00062 -0.0007 -0.00018 -6.7e-005 
-0.00034 7.4e-005 -0.00096 -0.00024 -0.00038 -0.00043 5.6e-005 -0.00087 0.00017 0.00014 
-0.00047 -0.00045 0.00047 0.00088 0.00082 -0.00094 0.00073 -0.00063 -1e-005 0.00015 
-0.00056 0.00042 0.00026 0.00071 2.6e-005 0.00036 0.0001 0.00049 0.00032 -0.00016 

(:,:,7,7)
0.00015 -0.00075 0.00084 -2e-005 0.00097 0.00029 -1.3e-005 0.0007 0.0008 -0.00045 
0.00067 -0.00085 -0.00017 -0.00086 -0.00099 0.00034 6.9e-005 -0.0004 0.00086 0.00021 
0.00071 -0.00045 -0.00015 -0.00058 0.00097 -0.00057 -0.0008 0.0005 0.00048 -0.00028 
0.00017 -0.00085 0.00014 -5.1e-005 0.00027 0.00038 0.00082 -0.00067 0.00061 0.00094 
-0.00043 0.00072 -0.00061 -0.00024 0.00096 0.00076 0.00074 -0.0005 -0.00056 0.00022 
-0.00074 -0.00053 -0.00029 0.00072 0.00027 -0.00027 0.00048 -0.00044 0.00081 0.00044 
-0.00063 -0.00073 -0.00047 0.00042 0.00079 0.00065 0.00034 -0.00019 0.00082 -0.00039 
-0.00062 0.00036 0.00052 0.00074 -0.00064 0.00011 -0.00076 0.00089 -0.00067 -0.00097 
0.00025 -0.0006 0.00037 -0.00045 0.00085 0.00013 -0.00077 0.00042 -0.00033 0.00084 
-0.00011 0.00064 -0.00086 0.00058 0.00027 -0.00095 -0.00074 0.00055 0.00098 8.5e-005 

(:,:,8,7)
-0.00075 -0.00087 -0.00092 1.2e-005 -0.00036 5.3e-005 0.00089 0.00038 0.00053 0.00026 
-0.0008 -0.00056 3e-005 -5.3e-005 -0.00087 0.00038 -0.00049 0.00031 -0.00053 0.00038 
0.00031 -0.00075 -0.00053 -0.00054 -0.00048 0.0009 0.0009 0.00074 0.00077 0.00093 
-0.00013 -0.00024 -0.00089 0.00085 -8.8e-005 0.00038 0.00083 -0.00091 0.00071 0.00073 
-0.00034 0.00022 -0.00065 0.00022 -0.00057 0.00041 0.00087 0.00074 -0.00097 0.00065 
0.00029 -0.0008 -0.00068 0.00032 -0.00026 0.00041 0.00053 -0.00062 0.00045 -0.00039 
-0.00039 0.00023 0.00011 -7.2e-005 0.00085 0.00054 -0.00055 0.00046 -0.00046 0.00092 
-0.00054 0.00081 0.00097 -6.4e-005 -0.00037 0.00041 0.0008 -0.00056 -0.00031 -0.00083 
0.00081 5.5e-005 -0.00016 0.00077 0.00025 -0.00056 -0.00025 9e-005 0.0007 0.00041 
-0.00029 -0.00072 -0.00051 -0.00046 0.00027 -0.00081 -0.00072 -0.00098 0.00086 9.1e-005 

(:,:,9,7)
-0.0009 8e-005 -0.00035 -0.00033 0.00083 0.00045 0.00032 0.0003 0.00079 0.00089 
-4.2e-005 0.00046 -0.00075 0.0009 0.00083 0.00068 -0.0002 0.00083 0.00032 -0.00029 
0.00035 -0.00075 -0.00031 -0.00092 -0.00074 0.00025 3.7e-006 0.00046 -0.00072 6.9e-005 
0.00017 0.00091 0.00069 -0.00079 -0.00021 0.00031 0.00093 0.00046 -6.9e-005 -3.2e-005 
-0.00063 -1.8e-005 -0.00032 -0.00011 5.7e-005 0.00062 -0.00086 0.00044 -0.00034 0.0006 
0.00083 0.00068 0.00051 0.00059 -0.00084 0.0009 -0.00049 -0.00011 -0.00067 -0.00038 
-0.00085 -0.00035 -0.00052 -3.3e-005 0.00031 0.00062 2.1e-005 0.00044 0.00067 -0.0004 
-0.00051 -7e-005 0.00046 0.00014 0.00082 8.4e-005 0.0002 -0.0008 -0.00025 0.00075 
-0.00031 0.00032 0.00078 -0.0008 0.00071 0.00012 0.00012 -0.00016 -0.00043 0.00096 
-0.00061 6.5e-005 -0.00089 0.00062 0.0008 -0.00086 0.00021 -0.00039 -0.00075 -0.0001 


(:,:,0,8)
-0.0002 -0.00035 -0.00061 0.00015 0.00037 -0.00091 -0.00047 -6.1e-005 -0.00027 0.00098 
0.00029 -2.7e-005 0.00056 -0.00059 0.00021 0.00048 0.00082 -0.00028 -0.00037 6.8e-006 
0.00027 0.00085 -0.00048 0.00085 -0.00048 -0.00057 0.0004 0.00027 0.00068 0.00096 
-0.00081 0.00031 0.00066 -0.00024 -8.3e-005 -0.00044 0.00072 0.0007 -0.00031 0.00053 
0.00097 -0.00018 0.0006 -0.0008 0.0003 0.00045 0.00085 -0.00028 0.00028 3.9e-005 
0.00076 0.00013 0.00056 9.9e-005 -0.00094 -0.00031 0.00061 0.00048 0.00033 -0.00076 
0.00042 0.0008 -0.00067 -0.00098 -0.00033 0.00039 0.00073 -0.00078 -0.00066 0.00013 
0.00042 -0.0002 2.6e-006 0.00014 0.00065 0.00082 0.0007 -0.00074 0.00025 0.00021 
-0.00066 -0.00067 -8.1e-005 0.0007 0.00072 0.00099 -0.00094 -0.00083 0.00031 -0.00082 
0.00039 0.00087 0.00012 0.00019 0.00021 0.00055 0.00019 -9.4e-005 0.00091 -0.00012 

(:,:,1,8)
-0.00058 0.00071 -4.9e-005 0.00097 -0.00063 0.00015 0.00042 -0.00088 0.00015 0.00045 
0.00071 -0.00037 -0.00083 0.00083 0.00011 0.00022 -0.0002 -0.001 0.00064 0.00071 
-0.00021 0.00085 0.00042 0.00091 0.00032 0.00095 -0.00031 -0.0003 -0.00088 -0.00064 
-0.00021 0.00091 -0.00076 0.00079 -0.001 -5.2e-006 0.001 0.0006 -0.00053 0.00017 
-0.00062 5e-005 -0.00045 -0.00098 -0.0004 -0.00059 0.00088 0.00026 -0.00092 0.00098 
0.00034 -1.2e-005 -0.00095 -6.7e-005 0.00037 -0.00043 -0.00075 0.0001 0.00092 -0.0003 
0.00072 0.00099 0.00015 0.0009 0.0004 -0.00053 -0.00084 -0.00077 -0.00023 0.00024 
0.00089 0.0007 0.00091 -0.00016 -2.1e-005 -0.00096 0.00029 -0.00042 -0.00037 -0.00054 
0.00078 0.00061 -0.00086 0.00028 -0.00037 0.00096 -0.00049 -0.00042 -0.0009 -0.00023 
0.00063 0.0009 0.00031 -5.9e-005 0.00017 -0.00068 0.0003 -0.00027 0.00085 -0.00081 

(:,:,2,8)
-0.00022 -0.00048 0.00033 0.00049 0.00099 -0.0009 0.00052 0.00015 0.00064 0.00094 
0.0003 -0.00045 0.00058 -0.00031 -0.00036 0.00036 -0.00052 9.6e-005 -0.00044 -0.0003 
0.00074 0.00041 0.00048 -0.00025 0.00066 -0.00016 0.0006 -0.00039 0.0006 0.00065 
0.00078 -0.00041 -0.00098 -0.00037 -5.7e-005 -0.0006 -0.00079 0.0006 0.00072 -0.0008 
0.00051 0.00078 -0.00096 -0.00069 0.00073 -3.5e-005 0.0009 0.00077 8.5e-005 -0.00044 
-0.00011 -0.00098 0.00046 7.4e-005 0.00053 0.00047 0.0008 0.00066 -0.00097 0.00075 
-0.00089 -0.00098 0.00071 0.00045 0.00052 0.00014 -0.00012 -0.00019 0.00072 0.0002 
-3e-005 0.00046 -0.00078 -0.0008 3.5e-005 0.00065 0.00072 0.00089 0.00015 0.00052 
0.00036 0.00091 0.00067 -0.00084 0.00053 0.00024 0.00065 0.00059 0.00017 0.00041 
-0.00054 0.00023 0.00018 0.00038 5.2e-005 -0.0005 -0.00061 -0.00056 -0.00081 0.00032 

(:,:,3,8)
0.00041 0.0003 -0.00056 -0.00016 0.00073 0.00053 0.00069 -0.00045 0.00016 0.00043 
3.7e-006 0.00072 0.00023 -0.00011 0.00078 3.7e-005 -0.00052 0.0009 -0.00069 -0.00072 
0.00023 0.00015 -0.00064 0.00075 -6.6e-005 -0.00023 0.00062 -0.00061 0.00094 0.00069 
0.00074 -0.00022 -0.00098 0.0006 -0.00053 0.00049 3.4e-005 0.00058 0.00032 0.00034 
0.00066 0.00074 -1.3e-006 0.00052 -0.00059 -0.0001 0.00048 0.00064 0.00026 -0.00067 
0.00054 -0.00084 -0.00041 -0.00027 0.00031 -0.00063 0.00043 0.00029 -0.00018 0.00087 
3e-005 0.0006 0.00066 0.00026 5.9e-005 0.0002 -0.00067 -0.00036 2.2e-005 -0.00064 
0.00033 0.00024 -0.00052 -0.00071 3.1e-005 0.00011 -0.00033 -0.00087 -5.1e-005 -0.00031 
-0.0004 0.00066 6.3e-005 -0.00016 0.00056 -0.00058 0.00039 9.2e-005 0.00076 0.00076 
0.00069 0.00029 0.00052 9.7e-005 -0.00092 0.00085 3.7e-006 -0.00081 1.8e-005 0.0005 

(:,:,4,8)
0.00032 -0.00095 -0.00057 0.00026 0.00011 4.5e-005 -0.00088 0.00013 -0.00048 0.00035 
0.00062 -0.00062 0.00034 0.00029 0.00046 -0.0005 -9.4e-005 -0.00094 -9.8e-005 0.00063 
0.00071 -0.0002 0.00042 0.00039 -0.00011 0.0007 0.00014 -0.00085 0.00052 0.00087 
-0.00041 -0.00011 -9.3e-005 5.8e-005 0.00082 0.00039 -0.00077 0.00084 0.00072 3.4e-005 
-0.00077 0.00029 0.00013 -0.00041 0.00079 -0.00029 0.00029 0.00076 -0.00098 -0.00036 
-2.8e-005 0.00057 0.00048 0.00089 -0.00026 0.00028 -2.4e-005 -0.00069 0.00087 0.00078 
-2.1e-005 -0.00047 0.00037 -0.00079 -0.00083 7.3e-005 9.9e-005 9.9e-005 0.00043 -0.00034 
0.0007 0.001 -0.00048 0.00025 0.001 -0.00071 0.00015 -0.00047 -0.00074 -2e-005 
-0.00046 -0.00046 -0.00031 0.00055 2.3e-006 -0.00061 0.00056 0.0007 -0.00036 0.00028 
0.00031 -0.00091 -0.00017 0.00014 0.00032 0.00068 -0.00025 -0.00017 -8.9e-005 -0.00069 

(:,:,5,8)
-0.00091 -0.00045 -2.6e-005 -0.00045 -0.00063 -0.00069 -0.00091 0.0008 0.00041 0.0001 
-6.2e-006 -0.00076 0.00089 0.00068 0.00046 -0.00042 0.00014 -0.00036 -0.00043 0.00031 
-0.00082 0.00036 0.00079 -0.00098 0.00052 -0.00048 -0.00024 0.00039 0.00019 0.00069 
-0.00092 0.00041 0.0008 0.00059 -0.00044 -0.00087 0.00036 0.00043 0.00069 -0.00025 
5.1e-005 0.00048 0.00083 7.9e-005 0.00059 0.00038 -0.00047 -0.00033 -0.00031 -0.00094 
0.00078 -0.00025 0.00048 0.00018 0.00049 -0.00011 3.6e-005 4.1e-005 0.00049 0.00087 
-0.00075 0.00036 0.00061 -0.00037 -0.00073 -0.0008 -0.00011 -0.00064 0.0001 0.00037 
-0.0002 -0.00029 7.2e-005 -1.4e-005 0.00068 -0.00089 -0.00053 -0.00028 0.00083 0.00059 
-0.00052 9.7e-005 0.00083 -0.00093 0.001 -0.00011 0.00037 -0.00071 6.9e-006 0.00081 
0.00079 -0.0003 0.00052 -0.00077 -0.00038 0.00028 0.00073 -0.00047 0.00028 0.00031 

(:,:,6,8)
-0.00034 0.00012 -0.00056 0.00069 -0.00012 0.00023 -0.0009 -0.00043 0.0003 -0.00062 
-0.00013 0.00078 -0.00083 -0.00046 -0.00079 -0.00058 -0.00048 1.2e-006 0.0001 0.00017 
0.00042 -0.0003 -0.0008 -0.00057 0.00081 -0.00067 -0.00052 -0.00043 -0.00094 0.00062 
-0.00085 -0.0005 -0.00036 -0.00088 3.8e-005 0.0003 0.00027 -0.0006 3.8e-005 0.00076 
-0.00095 -5.3e-005 -0.00019 -0.00045 -0.00047 -0.001 -0.00099 0.00027 -0.00042 -0.00056 
-0.00047 -1.4e-005 0.00072 0.00038 0.00016 -0.00098 0.00059 -0.00082 -0.00059 -0.00082 
3.7e-005 -0.00016 0.00057 -0.00034 0.00057 -0.00074 -0.00089 0.00054 0.00073 0.00019 
0.00024 -0.00087 0.00053 0.00015 0.00074 -7.8e-005 -0.00024 0.00038 0.00064 -0.00046 
0.00094 5e-005 0.00098 0.00081 0.00032 -0.00078 -0.00044 -0.00057 -0.00057 0.0003 
-0.00093 -0.00077 0.00057 0.00082 5.5e-005 -0.00021 0.00069 8.1e-005 -0.00023 0.00024 

(:,:,7,8)
-8.1e-005 -0.00023 -0.00039 -0.00015 0.00054 0.00031 -0.00032 0.00012 0.00074 -0.00063 
-0.00063 2.1e-005 0.00074 -0.00054 0.00042 -0.00048 0.00087 -0.00084 -0.00063 -0.00064 
0.00024 -0.00058 -3.5e-005 -0.00089 0.00056 0.00036 -0.00073 0.00031 -7.4e-005 0.00055 
-8e-005 -0.00083 0.00064 -0.00057 0.0006 -0.00079 -0.00049 -0.00093 0.00033 0.00056 
0.00022 0.00076 -0.00081 0.00088 -0.0009 0.00041 -0.00057 -1.8e-005 0.00063 0.00024 
-0.00041 -0.00079 0.00019 -0.00052 -0.00092 0.00012 0.00024 -0.00088 -0.00095 0.00076 
-0.00094 -0.00065 -0.00014 8.2e-005 -0.00072 -0.00061 -0.0006 -0.00098 3.5e-005 -0.00019 
0.00053 2.6e-005 0.00049 0.00067 -0.00023 -0.00061 0.00046 0.00029 0.0007 0.00022 
-0.00045 -0.00081 -0.00085 -0.00038 -0.00018 -0.00038 0.00032 -0.00052 0.00014 -0.00022 
0.00086 0.00057 -3.5e-005 6.8e-005 0.00014 0.00029 0.00064 0.00029 -0.00095 -0.00085 

(:,:,8,8)
0.00017 0.0004 -0.00047 -6.3e-005 -2.7e-005 -0.00091 -0.00022 -0.00032 0.00032 0.00028 
0.00096 -0.00026 0.00072 -0.00023 -0.00045 -0.00098 -0.00028 0.00068 0.00058 0.00048 
2.3e-005 1e-006 0.00018 0.00094 0.00053 0.00085 -0.00064 -0.00058 0.00099 -0.00078 
-3.9e-005 -0.00015 0.0003 -0.00018 0.00014 -0.00077 -0.00051 -0.00082 0.00039 -0.00032 
0.00046 -0.00041 0.00095 4.1e-005 -0.00093 -0.00051 3.6e-005 0.00053 0.00036 -0.00065 
-0.00065 -0.00083 -0.00025 0.0001 -0.00088 0.00051 -0.00075 -0.00085 0.0008 0.00064 
0.00027 0.00045 0.00098 0.00048 0.00097 5.1e-005 0.00044 0.0009 0.00014 -0.00059 
-0.00071 -0.00084 0.00077 0.00013 0.00051 4.9e-005 -0.00025 0.00084 0.00021 -0.00079 
0.00025 0.00027 -0.00032 -9.7e-005 0.00012 -0.0002 -0.00081 0.00091 0.00061 0.00026 
-0.00053 -0.00087 -0.00048 -0.0008 0.00086 0.00085 -0.0007 0.00011 -0.00081 -5.2e-005 

(:,:,9,8)
-0.00085 0.00024 0.00033 -0.00027 -0.00037 0.00099 0.00075 -9.3e-005 1.8e-006 0.00091 
-0.00033 0.00059 0.00071 -0.00019 -0.00018 -0.00093 -0.00046 0.00061 -0.00043 0.00073 
-0.00065 -0.00067 0.00039 4.4e-007 0.00022 -2e-005 -0.00094 0.00027 -0.00042 0.00042 
-0.00044 0.00084 -0.00028 -0.0009 -0.00046 0.00075 0.00043 0.00034 0.00024 -0.0004 
-0.00094 -0.00017 -0.00077 -0.00077 -0.00091 -0.00083 0.00025 -0.00019 -0.00057 -0.00017 
-0.00073 -0.00064 0.00035 3.4e-005 -0.00051 0.00097 -0.0005 0.00075 -0.00048 -0.00083 
-0.00018 7.4e-005 -0.0007 -0.00031 -0.00067 -0.00033 0.00018 -0.00036 -0.00026 -0.00076 
0.0007 -0.00017 -0.00025 -0.00064 0.00027 0.00076 0.00022 0.00091 0.00036 0.00081 
0.00032 -0.00078 0.0002 0.00024 -0.00063 0.00047 0.00022 -0.00085 -0.00032 -0.00028 
0.00031 0.00052 0.00034 0.00073 0.00066 -0.00054 0.00039 -0.00085 -0.00016 0.00033 


(:,:,0,9)
0.00068 0.00043 -0.00067 0.00013 -0.00027 0.00032 0.00027 0.00068 0.00081 -0.00057 
0.00061 -0.00036 0.00078 -0.0007 0.00033 0.00045 -0.00075 0.00014 -5.5e-005 0.00034 
0.00083 -0.00063 6.6e-005 0.00016 6.1e-005 0.00099 0.00074 -0.00082 -0.00099 -0.00092 
-0.00012 0.00028 0.00099 -0.00083 -0.00091 -0.0008 0.00087 -0.00069 -0.00018 -0.00063 
-0.00053 -0.0006 -0.00086 0.00022 -0.00072 -0.00071 -1.1e-006 0.00098 -0.00089 -0.00074 
0.00031 0.00031 -2.2e-005 0.0005 9.2e-005 0.00048 0.00027 0.00033 0.00028 -0.00083 
-3.6e-005 -0.00087 0.00095 0.00043 0.00025 -0.00077 0.00023 -0.00093 0.00025 0.00026 
0.00028 -0.00098 -0.00014 0.00092 -0.00049 -0.00076 0.00036 -0.00047 0.00055 -0.00089 
0.00093 -0.00073 0.00099 0.00042 0.00078 0.0005 -0.0001 -0.00045 0.00039 0.00035 
-0.00066 0.00063 5.4e-005 0.00027 -0.00064 -0.00075 0.00065 0.00024 0.00055 -0.00039 

(:,:,1,9)
-0.00099 -0.00071 5.7e-005 -2.9e-006 0.00075 -0.00081 -0.00096 0.00051 0.00021 0.0009 
0.00058 3.5e-005 -0.00049 -1.8e-005 0.00026 0.00081 0.00076 -0.00069 0.00048 0.00015 
-9e-005 2.4e-005 -0.00066 -0.00044 9.6e-005 0.0001 -0.00083 0.00024 0.00069 0.00033 
0.00099 0.0009 -0.00071 -0.00047 0.00053 -0.00081 0.00045 0.00024 -0.00034 0.00053 
0.00079 -0.00038 0.00087 -0.00081 -0.00085 -0.00029 -0.00072 7.8e-005 0.00089 -4.8e-005 
-0.0005 0.0009 -0.00072 1.8e-005 -0.00062 -0.00048 -0.0002 -0.00036 0.0008 -0.00016 
-0.00033 0.00046 0.00082 0.00056 0.00053 -0.00051 0.00096 -0.00053 -0.00073 -0.00036 
0.00064 0.00021 0.00016 0.00097 -0.00054 0.00046 -0.00087 -0.00016 0.0002 0.00075 
2.3e-005 0.0009 -0.0005 0.00029 0.00079 -1e-005 -0.00088 0.00025 -0.00085 -0.00044 
0.00028 -5.7e-005 0.00022 0.00085 0.00023 0.00067 0.00056 0.00012 0.00047 0.00083 

(:,:,2,9)
0.00047 0.00086 0.00041 9.5e-005 0.0004 0.00093 0.00067 -0.00094 0.00082 -0.00074 
-9.7e-006 1.2e-005 -0.0009 -0.00058 0.00089 0.00061 -0.00025 -0.00082 0.00078 -0.00012 
-0.00039 7e-005 0.00011 -0.00017 0.00088 -0.00062 -0.00036 -0.00059 0.00015 0.001 
-0.00014 0.00096 0.00041 0.00032 0.00034 0.00018 -0.00095 0.0007 0.00052 0.00095 
4.3e-005 0.0009 0.0004 0.00058 0.00037 0.0004 -0.00057 -6.4e-005 0.00029 0.00054 
0.00093 0.00075 -0.00093 -0.00011 -0.00076 0.00021 -0.00088 0.00057 0.0004 -0.00012 
0.00013 -0.00011 0.00043 -0.00088 -0.00022 0.00089 -0.00035 0.00083 0.00064 0.00036 
0.00066 0.00018 2.6e-006 -0.00098 -0.00016 -0.00069 0.00026 0.00093 9.9e-006 0.00094 
-0.00082 0.0004 -0.00017 -0.00029 -6.7e-005 -0.00028 -0.00033 0.00071 0.00083 8e-005 
-0.0003 -0.00025 -0.00054 -0.00024 0.00011 -8.1e-005 -9e-005 -0.00022 -0.00027 0.00097 

(:,:,3,9)
-0.0008 -0.00089 0.00023 -0.00055 -0.00016 0.00019 0.00081 -8.4e-005 -0.00024 0.00079 
-0.00069 -0.00028 -0.00014 0.00046 0.00086 -0.00062 0.00054 -0.00028 0.00072 -0.00063 
-0.00058 0.00091 -0.00067 -0.00031 0.00083 -0.00027 0.00012 0.0006 -0.00019 4.4e-005 
0.00048 -0.00025 -0.00023 0.00026 -0.00083 -7.1e-005 -0.00092 -0.00065 -0.00086 0.00085 
-0.00057 0.00054 -0.00066 8.8e-005 0.00092 -0.0004 0.00044 -0.00011 -1.8e-005 0.0008 
-0.00057 -0.00095 -0.0003 -0.00064 -0.00087 -0.0008 -0.00073 4.7e-005 0.00049 5.9e-005 
0.00019 -0.00041 -4.2e-005 0.00081 -0.0005 0.00056 -0.00019 0.00079 -0.0009 0.00062 
-0.00059 -0.00028 0.0004 -0.00034 0.00053 0.00046 -0.00021 0.0005 -0.00052 -0.00094 
0.00056 -0.00016 -0.00019 -3.4e-005 0.00034 -9.9e-005 0.00048 0.00079 -0.00066 0.00099 
0.00083 -0.001 -0.00055 -0.00045 0.00081 -0.00033 8e-005 0.0006 0.00071 0.00014 

(:,:,4,9)
7.5e-005 1.4e-005 0.00063 -0.00067 -0.00047 0.00043 -0.0009 -0.0007 -0.00095 0.00084 
7.9e-005 0.00028 0.00094 -0.00064 0.00069 0.00033 0.0008 -9.4e-005 0.00064 0.00068 
-0.00065 0.00069 -0.00075 7.1e-005 -0.0008 9.9e-005 -0.00068 -0.0002 2.3e-005 0.00052 
-0.00098 -0.00077 0.0002 -0.00074 -0.0008 -0.00041 -0.00074 -9e-005 -7e-005 -0.0007 
0.00067 0.00043 -0.00084 0.00027 -0.00015 0.00042 0.00032 1e-005 -0.00092 -0.00097 
-0.00034 0.0009 -0.00087 -0.00045 0.00098 -0.00057 -0.00078 -0.00051 0.00099 0.00084 
0.00052 -9.8e-005 0.00011 0.0001 -0.0008 0.00051 0.00039 -0.00094 -0.0004 0.00033 
0.00098 -0.00082 0.00019 0.00036 -0.00065 0.00022 0.00067 2.8e-005 0.0007 -0.00098 
-0.00024 0.00049 0.00054 -0.00048 -0.00012 0.0007 0.00095 -0.00079 -0.00046 -0.00017 
0.00073 0.00023 -0.00016 0.0008 0.00014 -0.0006 -0.00089 -0.00099 9.1e-005 0.00082 

(:,:,5,9)
0.00098 -0.00059 -0.00047 0.00024 -0.00062 0.00051 0.00085 -0.00063 0.00059 0.00069 
9.7e-005 -0.00096 -0.00096 -0.00094 -0.00016 0.00021 0.00014 -0.00041 -0.00037 -0.00046 
-0.0004 -0.00075 0.00013 -0.00062 -0.0003 -0.00077 0.00057 -0.0003 0.00051 -0.00053 
0.00022 0.00089 -0.00032 0.00084 0.00074 0.00064 -7.1e-005 0.00078 7.4e-005 0.00068 
-0.00041 -0.00021 -0.00041 -0.00094 3.9e-006 -0.00055 0.00025 -0.00032 0.00019 -0.00034 
-0.00061 0.00068 0.00015 -0.00032 0.00068 0.0005 -0.00031 0.00059 -0.00027 0.00016 
-0.00084 0.00071 -0.00021 -0.00062 0.00047 0.00056 0.00053 -0.00098 -0.00093 -0.00049 
-0.00083 -0.00063 4.3e-005 0.00072 0.00084 0.00023 0.00055 0.00027 -0.00047 -0.00068 
-0.00017 0.00053 -0.00049 -0.00017 -0.00028 0.00065 0.00016 -0.00035 0.00024 0.00078 
0.00014 -0.00072 -0.0008 -0.00076 0.00066 0.00052 0.00093 -0.00086 -0.00067 -2.3e-005 

(:,:,6,9)
-0.00073 0.00034 -8.6e-005 -7.4e-006 0.00076 -0.00012 -0.00081 9.3e-005 -0.00021 0.00082 
0.00075 -0.00096 0.00015 5.4e-005 -0.00059 -0.00092 0.00022 0.00055 -3.8e-005 0.00017 
0.00098 0.0009 0.00082 5.2e-005 -0.00013 0.00072 -0.00029 -0.00068 -0.00031 -0.0004 
-0.00072 0.00057 -0.00087 -4.3e-005 -0.00087 0.00047 -0.00077 -0.00054 -0.00025 0.00082 
-0.00018 0.00038 0.00098 -0.00061 -0.00037 -0.00029 0.00065 0.00014 1.6e-005 0.00078 
-6.7e-005 -0.00028 -0.0004 0.0005 -0.00032 -0.00063 -0.00043 0.00067 0.00062 -2.5e-005 
-0.00084 8.7e-005 0.00019 0.00075 -0.00086 -0.00039 -0.00021 0.00048 -0.00099 1.9e-005 
-0.00015 -0.00032 0.00018 0.00072 -0.00042 -0.00034 -0.00057 0.00036 -0.00013 -0.00087 
-0.00052 -0.00023 -0.00069 -0.00021 -0.00029 -0.00041 -0.00067 -0.00015 0.00085 -0.00031 
-0.0003 0.00067 -0.00033 0.00031 -1.4e-005 0.00021 0.00054 0.00089 8.5e-005 0.0002 

(:,:,7,9)
-0.00023 -0.00078 -0.00048 0.00049 0.00023 0.00055 7.5e-005 -0.00069 0.00022 7.6e-005 
0.00066 -0.00016 0.00061 0.00024 5.9e-005 -9.5e-005 0.00031 -8.5e-005 0.00088 0.00031 
-0.00025 0.00062 0.00036 0.00033 0.00064 -0.00065 0.00094 -0.00043 -0.00078 -0.00026 
-0.00069 -0.00032 0.00016 -0.00089 -0.00015 -0.00071 0.00036 0.00096 0.00095 -0.00059 
-3e-006 0.00097 -0.00063 0.00088 -0.00023 -0.00064 0.00014 0.00027 0.0007 -0.00066 
-0.00036 -0.0007 0.00061 0.00093 -0.00032 0.0004 -0.0001 0.00093 -7.3e-005 0.0004 
0.00097 6e-005 -8.1e-005 0.00035 -0.00027 0.00013 -0.00079 -0.00036 0.00082 -0.00063 
-0.00052 -0.00093 -4.9e-006 0.0003 -0.00055 0.00049 -2.9e-005 0.00022 0.00049 -0.00051 
-0.00055 -0.00022 -0.00081 -0.00056 -0.00058 0.00094 6.7e-005 0.0007 6.9e-005 -0.0002 
-0.00051 0.00085 -0.00057 0.00038 0.00035 0.00052 -0.00014 6.8e-006 0.00075 -0.00037 

(:,:,8,9)
-0.00065 -0.00085 0.00053 -0.00056 -0.00072 -3.8e-005 -0.00061 -0.00048 -0.00016 -0.00052 
0.00078 -0.0005 0.00088 0.00068 0.00046 -0.00047 0.00065 0.00092 0.00067 0.00091 
0.00061 -0.00057 -0.00085 8.5e-005 6.7e-005 0.0004 8.7e-005 0.00041 -0.00024 -0.00072 
0.00077 0.00047 0.00092 0.00075 -0.00024 0.00055 0.00026 0.00021 0.00091 -0.00013 
-0.00018 -0.00044 0.0003 6.3e-005 -0.00037 -0.00044 -0.00074 -0.00044 0.0009 0.00025 
6e-005 0.00044 -0.0006 0.00023 0.00051 0.00072 -0.00035 -0.00079 -4.3e-005 7.5e-005 
-0.00015 -0.00031 -0.00011 0.00037 0.00098 -0.00094 0.00016 -0.00023 0.00059 -0.00073 
-0.00079 0.00051 0.00014 0.00081 -0.00023 -4.5e-005 0.00068 -0.00053 0.00016 0.00012 
-0.00027 0.00013 -0.00067 0.00039 0.0008 2.4e-005 -0.00038 -9.2e-005 0.00027 -0.00069 
0.00039 -0.00028 0.00031 -0.00057 0.00062 0.00063 0.00055 -0.00076 0.00088 0.00069 

(:,:,9,9)
-0.00022 -0.00059 -0.0002 -0.00079 -0.00081 0.00028 0.00094 -0.00073 0.00061 0.00059 
0.00022 -7.5e-006 -0.0003 -0.00092 -0.00064 0.00081 0.0006 0.00019 0.00048 -0.00093 
-0.00059 -0.00018 -0.00058 -0.00082 0.00085 0.00057 -0.0003 0.00076 -0.00086 -0.00015 
-0.00019 0.00045 0.00043 -0.00072 -0.00026 0.00029 -0.00024 -0.00066 0.00095 0.00036 
0.00037 -0.00012 6.3e-005 0.00095 -0.00075 0.00024 -0.00077 0.00016 0.00037 -0.00088 
0.00093 -2.5e-005 -7.3e-006 0.00087 0.0002 2.5e-005 0.00018 -0.00081 0.00098 -0.00089 
0.00047 -0.00083 0.00073 0.00032 0.00022 0.00044 -0.00011 0.00016 9.8e-006 0.00026 
-0.00069 -0.00075 0.00034 0.00023 -0.00097 0.0006 -9.5e-005 0.00027 -0.00037 0.00019 
0.00025 0.00029 -5e-005 0.00052 0.00063 0.0009 -0.0006 0.00027 -0.00049 -0.00057 
0.0006 0.00085 -0.0007 -3.8e-006 0.00067 0.00039 -0.00031 0.0007 3e-005 -0.00062 



